green:(0, 128, 0)|(140.0, 147.0, 156.0)
yellow:(255, 255, 0)|(146.0, 140.0, 131.0)
red:(255, 0, 0)|(157.0, 171.0, 152.0)
blue:(0, 0, 255)|(118.0, 124.0, 110.0)
white:(255, 255, 255)|(196.0, 202.0, 214.0)
pink:(255, 192, 203)|(80.0, 89.0, 93.0)
brown:(165, 42, 42)|(142.0, 146.0, 137.0)
black:(0, 0, 0)|(158.0, 145.0, 157.0)
silver:(192, 192, 192)|(172.0, 175.0, 176.0)
maroon:(128, 0, 0)|(194.0, 188.0, 197.0)
purple:(128, 0, 128)|(129.0, 128.0, 121.0)
gray:(128, 128, 128)|(89.0, 88.0, 98.0)
fuchsia:(255, 0, 255)|(47.0, 62.0, 40.0)
lime:(0, 255, 0)|(124.0, 131.0, 118.0)
olive:(128, 128, 0)|(80.0, 76.0, 70.0)
navy:(0, 0, 128)|(111.0, 113.0, 115.0)
teal:(0, 128, 128)|(208.0, 196.0, 199.0)
aqua:(0, 255, 255)|(227.0, 230.0, 214.0)
alice blue:(240, 248, 255)|(190.0, 186.0, 180.0)
antique white:(250, 235, 215)|(109.0, 108.0, 100.0)
aquamarine:(127, 255, 212)|(50.0, 48.0, 83.0)
azure:(240, 255, 255)|(192.0, 176.0, 172.0)
beige:(245, 245, 220)|(162.0, 153.0, 168.0)
bisque:(255, 228, 196)|(158.0, 160.0, 161.0)
blue violet:(138, 43, 226)|(130.0, 124.0, 141.0)
blanched almond:(255, 235, 205)|(128.0, 142.0, 128.0)
burlywood:(222, 184, 135)|(129.0, 135.0, 132.0)
cadet blue:(95, 158, 160)|(142.0, 127.0, 127.0)
chartreuse:(127, 255, 0)|(119.0, 122.0, 113.0)
chocolate:(210, 105, 30)|(112.0, 104.0, 84.0)
coral:(255, 127, 80)|(138.0, 148.0, 144.0)
cornflower blue:(100, 149, 237)|(215.0, 212.0, 220.0)
cornsilk:(255, 248, 220)|(117.0, 117.0, 119.0)
crimson:(220, 20, 60)|(84.0, 81.0, 86.0)
cyan:(0, 255, 255)|(122.0, 133.0, 111.0)
dark blue:(0, 0, 139)|(132.0, 123.0, 119.0)
dark cyan:(0, 139, 139)|(135.0, 150.0, 138.0)
dark goldenrod:(184, 134, 11)|(103.0, 110.0, 93.0)
dark gray:(169, 169, 169)|(90.0, 87.0, 80.0)
dark green:(0, 100, 0)|(138.0, 140.0, 144.0)
dark grey:(169, 169, 169)|(181.0, 176.0, 183.0)
dark khaki:(189, 183, 107)|(182.0, 194.0, 186.0)
dark magenta:(139, 0, 139)|(174.0, 180.0, 176.0)
dark olive green:(85, 107, 47)|(116.0, 121.0, 127.0)
dark orange:(255, 140, 0)|(87.0, 101.0, 81.0)
dark orchid:(153, 50, 204)|(60.0, 79.0, 72.0)
dark red:(139, 0, 0)|(85.0, 88.0, 92.0)
dark salmon:(233, 150, 122)|(144.0, 128.0, 129.0)
dark sea green:(143, 188, 143)|(188.0, 190.0, 196.0)
dark slate blue:(72, 61, 139)|(148.0, 139.0, 142.0)
dark slate gray:(47, 79, 79)|(216.0, 211.0, 210.0)
dark turquoise:(0, 206, 209)|(138.0, 137.0, 140.0)
dark violet:(148, 0, 211)|(192.0, 174.0, 194.0)
deep pink:(255, 20, 147)|(255.0, 255.0, 255.0)
deep sky blue:(0, 191, 255)|(130.0, 129.0, 110.0)
dim gray:(105, 105, 105)|(168.0, 168.0, 171.0)
dodgerblue:(30, 144, 255)|(173.0, 156.0, 152.0)
firebrick:(178, 34, 34)|(124.0, 139.0, 134.0)
floral white:(255, 250, 240)|(163.0, 174.0, 167.0)
forest green:(34, 139, 34)|(90.0, 108.0, 101.0)
gainsboro:(220, 220, 220)|(132.0, 126.0, 106.0)
ghost white:(248, 248, 255)|(105.0, 110.0, 96.0)
gold:(255, 215, 0)|(123.0, 143.0, 142.0)
goldenrod:(218, 165, 32)|(94.0, 101.0, 90.0)
green yellow:(173, 255, 47)|(98.0, 108.0, 104.0)
honeydew:(240, 255, 240)|(159.0, 162.0, 152.0)
hot pink:(255, 105, 180)|(101.0, 103.0, 85.0)
indian red:(205, 92, 92)|(128.0, 125.0, 125.0)
indigo:(75, 0, 130)|(121.0, 130.0, 121.0)
ivory:(255, 255, 240)|(119.0, 130.0, 129.0)
khaki:(240, 230, 140)|(74.0, 73.0, 65.0)
lavender:(230, 230, 250)|(72.0, 79.0, 69.0)
lavender blush:(255, 240, 245)|(141.0, 141.0, 133.0)
lawn green:(124, 252, 0)|(144.0, 141.0, 131.0)
lemon chiffon:(255, 250, 205)|(21.0, 32.0, 25.0)
light blue:(173, 216, 230)|(194.0, 183.0, 182.0)
light coral:(240, 128, 128)|(67.0, 56.0, 66.0)
light cyan:(224, 255, 255)|(176.0, 173.0, 161.0)
light golden rod yellow:(250, 250, 210)|(135.0, 130.0, 140.0)
light pink:(255, 182, 193)|(112.0, 129.0, 111.0)
light slate grey:(119, 136, 153)|(141.0, 140.0, 144.0)
lightsteelblue:(176, 196, 222)|(82.0, 103.0, 88.0)
light yellow:(255, 255, 224)|(167.0, 183.0, 186.0)
lime green:(50, 205, 50)|(165.0, 169.0, 163.0)
linen:(250, 240, 230)|(52.0, 55.0, 66.0)
navajo white:(255, 222, 173)|(116.0, 117.0, 111.0)
olive drab:(107, 142, 35)|(96.0, 110.0, 100.0)
orange:(255, 165, 0)|(159.0, 149.0, 153.0)
orange red:(255, 69, 0)|(115.0, 122.0, 108.0)
pale golden rod:(238, 232, 170)|(70.0, 76.0, 58.0)
pale green:(152, 251, 152)|(213.0, 200.0, 215.0)
pale turquoise:(175, 238, 238)|(169.0, 168.0, 165.0)
palevioletred:(219, 112, 147)|(151.0, 157.0, 149.0)
papaya whip:(255, 239, 213)|(145.0, 163.0, 152.0)
peach puff:(255, 218, 185)|(186.0, 185.0, 192.0)
peru:(205, 133, 63)|(159.0, 167.0, 165.0)
royal blue:(65, 105, 225)|(107.0, 124.0, 127.0)
aassdd:(33, 37, 28)|(204.0, 207.0, 214.0)
alizarin:(227, 38, 54)|(198.0, 197.0, 202.0)
alora:(229, 172, 113)|(118.0, 121.0, 125.0)
amaranth:(229, 43, 80)|(112.0, 123.0, 111.0)
amber:(255, 191, 0)|(125.0, 137.0, 105.0)
amethyst:(153, 102, 204)|(137.0, 129.0, 141.0)
apricot:(251, 206, 177)|(96.0, 112.0, 89.0)
ariana grande:(194, 98, 39)|(133.0, 131.0, 140.0)
asparagus:(123, 160, 91)|(65.0, 71.0, 77.0)
auburn:(109, 53, 26)|(73.0, 103.0, 90.0)
avocado:(61, 96, 3)|(126.0, 131.0, 123.0)
badiflyee:(14, 14, 14)|(158.0, 178.0, 157.0)
bistre:(61, 43, 31)|(213.0, 205.0, 199.0)
blanc et bleu:(173, 216, 230)|(117.0, 128.0, 122.0)
blush:(248, 136, 133)|(147.0, 158.0, 157.0)
blue green:(0, 221, 221)|(156.0, 145.0, 146.0)
blurple:(114, 137, 218)|(163.0, 145.0, 170.0)
bondi blue:(0, 149, 182)|(168.0, 177.0, 158.0)
bomby:(144, 238, 144)|(54.0, 64.0, 44.0)
brass:(181, 166, 66)|(202.0, 200.0, 169.0)
bronze:(205, 127, 50)|(156.0, 154.0, 148.0)
buff:(240, 220, 130)|(53.0, 66.0, 66.0)
burgundy:(144, 0, 32)|(114.0, 124.0, 127.0)
burnt orange:(204, 85, 0)|(147.0, 159.0, 144.0)
burnt sienna:(233, 116, 81)|(112.0, 125.0, 113.0)
burnt umber:(138, 51, 36)|(21.0, 19.0, 23.0)
candy pink:(254, 0, 183)|(88.0, 100.0, 88.0)
camouflage green:(120, 134, 107)|(71.0, 92.0, 62.0)
caput mortuum:(89, 39, 32)|(161.0, 167.0, 159.0)
cardinal:(196, 30, 58)|(108.0, 124.0, 118.0)
carmine:(150, 0, 24)|(70.0, 77.0, 66.0)
carrot orange:(237, 145, 33)|(146.0, 157.0, 141.0)
celadon:(172, 225, 175)|(64.0, 67.0, 72.0)
cerise:(222, 49, 99)|(175.0, 170.0, 187.0)
cerulean:(0, 123, 167)|(73.0, 64.0, 86.0)
champagne:(247, 231, 206)|(89.0, 100.0, 73.0)
charcoal:(70, 70, 70)|(204.0, 197.0, 206.0)
cherry blossom pink:(255, 183, 197)|(138.0, 157.0, 134.0)
chestnut:(205, 92, 92)|(130.0, 131.0, 130.0)
cinnabar:(227, 66, 52)|(178.0, 179.0, 164.0)
cinnamon:(210, 105, 30)|(188.0, 192.0, 180.0)
cobalt:(0, 71, 171)|(116.0, 126.0, 123.0)
copper:(184, 115, 51)|(81.0, 80.0, 71.0)
corn:(251, 236, 93)|(185.0, 183.0, 179.0)
cornflower:(100, 149, 237)|(114.0, 115.0, 114.0)
cream:(255, 253, 208)|(164.0, 153.0, 166.0)
damon:(239, 202, 229)|(138.0, 134.0, 114.0)
dandelion:(254, 216, 93)|(181.0, 209.0, 194.0)
dantrine:(205, 13, 246)|(182.0, 185.0, 200.0)
dark moderate magenta:(159, 85, 172)|(148.0, 165.0, 168.0)
dark moderate orange:(174, 114, 80)|(191.0, 186.0, 196.0)
denim:(21, 96, 189)|(161.0, 152.0, 154.0)
dog dick red:(194, 7, 4)|(224.0, 213.0, 202.0)
dianne:(235, 137, 248)|(184.0, 172.0, 178.0)
earnstead:(255, 165, 0)|(80.0, 94.0, 87.0)
eucalyptus flower:(173, 216, 230)|(94.0, 104.0, 98.0)
eclipse:(34, 15, 70)|(117.0, 109.0, 94.0)
eleck:(197, 199, 196)|(154.0, 156.0, 149.0)
emberiea:(255, 121, 77)|(196.0, 189.0, 198.0)
emerald green:(80, 200, 120)|(27.0, 33.0, 23.0)
eggplant purple:(97, 64, 81)|(158.0, 152.0, 175.0)
eucalyptus leaf:(33, 133, 89)|(155.0, 148.0, 165.0)
faloobang:(255, 105, 180)|(166.0, 177.0, 176.0)
falu red:(128, 24, 24)|(82.0, 61.0, 77.0)
fern green:(79, 121, 66)|(128.0, 132.0, 139.0)
flax:(238, 220, 130)|(210.0, 216.0, 198.0)
french rose:(246, 74, 138)|(113.0, 116.0, 114.0)
funionz:(77, 46, 26)|(214.0, 224.0, 216.0)
fresh avacadoo:(255, 215, 0)|(160.0, 160.0, 158.0)
galexcias:(88, 24, 69)|(72.0, 85.0, 78.0)
gamboge:(228, 155, 15)|(234.0, 229.0, 228.0)
golcli:(128, 108, 0)|(120.0, 138.0, 123.0)
green gem:(51, 135, 9)|(108.0, 101.0, 107.0)
grey:(128, 128, 128)|(186.0, 189.0, 187.0)
hazel:(165, 42, 42)|(137.0, 158.0, 148.0)
han purple:(82, 24, 250)|(196.0, 199.0, 178.0)
harlequin:(63, 255, 0)|(115.0, 104.0, 104.0)
heaven:(180, 176, 236)|(175.0, 194.0, 184.0)
heliotrope:(223, 115, 255)|(140.0, 151.0, 138.0)
hollywood cerise:(244, 0, 161)|(87.0, 90.0, 109.0)
hegarty:(26, 255, 26)|(155.0, 164.0, 173.0)
jade:(0, 168, 107)|(51.0, 49.0, 45.0)
jadeykins:(13, 138, 123)|(193.0, 205.0, 179.0)
jallion:(0, 0, 255)|(22.0, 31.0, 16.0)
jazzamoon:(224, 209, 145)|(124.0, 126.0, 113.0)
jezzepy:(75, 60, 37)|(93.0, 108.0, 87.0)
juniper:(100, 217, 30)|(104.0, 114.0, 104.0)
kyrin:(0, 0, 179)|(85.0, 75.0, 78.0)
lakipa:(222, 244, 159)|(167.0, 166.0, 158.0)
lemon:(253, 233, 16)|(107.0, 107.0, 106.0)
leoan:(154, 205, 50)|(70.0, 79.0, 73.0)
lithium yellow:(255, 255, 121)|(40.0, 51.0, 42.0)
light grayish violet:(212, 199, 217)|(176.0, 182.0, 169.0)
light grayish yellow:(245, 245, 220)|(140.0, 151.0, 124.0)
lilac:(200, 162, 200)|(158.0, 167.0, 169.0)
madeleine:(47, 198, 254)|(111.0, 104.0, 101.0)
magenta:(255, 0, 255)|(88.0, 96.0, 84.0)
magnolia:(248, 244, 255)|(236.0, 239.0, 246.0)
mango yellow:(254, 180, 15)|(189.0, 175.0, 179.0)
malachite:(11, 218, 81)|(62.0, 67.0, 70.0)
mariener:(2, 44, 66)|(189.0, 184.0, 184.0)
matilda:(0, 0, 139)|(122.0, 131.0, 125.0)
mauve:(224, 176, 255)|(131.0, 139.0, 123.0)
mermaid blue:(12, 209, 192)|(156.0, 138.0, 138.0)
midnight blue:(25, 25, 112)|(130.0, 146.0, 134.0)
mint green:(152, 255, 152)|(111.0, 115.0, 117.0)
misty rose:(255, 228, 225)|(134.0, 141.0, 131.0)
mix thunder:(103, 184, 141)|(156.0, 149.0, 133.0)
moss green:(173, 223, 173)|(192.0, 196.0, 188.0)
mustard:(255, 219, 88)|(175.0, 178.0, 182.0)
mostly desaturated dark orange:(133, 92, 76)|(87.0, 110.0, 91.0)
myrtle:(33, 66, 30)|(151.0, 163.0, 143.0)
navy blue:(0, 0, 128)|(129.0, 150.0, 146.0)
neruple:(133, 0, 163)|(147.0, 135.0, 135.0)
nellow:(189, 44, 7)|(121.0, 119.0, 122.0)
nevgan green:(41, 117, 42)|(175.0, 165.0, 149.0)
ochre:(204, 119, 34)|(49.0, 51.0, 50.0)
office green:(0, 128, 0)|(132.0, 151.0, 132.0)
ogre:(98, 43, 45)|(131.0, 121.0, 119.0)
old rose:(192, 128, 129)|(96.0, 110.0, 108.0)
olivine:(154, 185, 115)|(29.0, 47.0, 31.0)
orchid:(218, 112, 214)|(136.0, 144.0, 142.0)
owo:(47, 50, 30)|(117.0, 116.0, 127.0)
paper:(194, 178, 128)|(188.0, 208.0, 203.0)
peach:(255, 229, 180)|(233.0, 237.0, 226.0)
pear:(209, 226, 49)|(148.0, 141.0, 149.0)
periwinkle:(204, 204, 255)|(127.0, 133.0, 140.0)
perinto:(191, 218, 229)|(195.0, 188.0, 177.0)
persimmon:(236, 88, 0)|(222.0, 240.0, 218.0)
perfect puppy:(226, 220, 205)|(109.0, 115.0, 113.0)
pine green:(1, 121, 111)|(91.0, 99.0, 90.0)
piss yellow:(255, 255, 0)|(151.0, 162.0, 159.0)
platinum:(229, 228, 226)|(150.0, 154.0, 149.0)
plum:(204, 153, 204)|(60.0, 79.0, 75.0)
powder blue:(176, 224, 230)|(157.0, 169.0, 160.0)
prizmarine:(18, 139, 218)|(191.0, 190.0, 188.0)
princess pink:(254, 49, 194)|(116.0, 118.0, 103.0)
princess karii:(255, 230, 243)|(138.0, 144.0, 139.0)
prototondio:(167, 205, 106)|(146.0, 151.0, 162.0)
puce:(204, 136, 153)|(134.0, 141.0, 130.0)
prussian blue:(0, 49, 83)|(180.0, 177.0, 188.0)
psychedelic purple:(221, 0, 255)|(115.0, 110.0, 125.0)
pumpkin:(255, 117, 24)|(134.0, 122.0, 128.0)
pusheen gray:(207, 180, 155)|(150.0, 146.0, 150.0)
quartile:(76, 187, 23)|(118.0, 132.0, 128.0)
quartz grey:(108, 105, 97)|(160.0, 152.0, 160.0)
queen blue:(67, 107, 149)|(46.0, 44.0, 51.0)
queen mintey:(62, 180, 137)|(119.0, 129.0, 118.0)
racing green:(9, 81, 25)|(210.0, 217.0, 214.0)
rabbit red:(254, 10, 0)|(97.0, 121.0, 116.0)
raw umber:(115, 74, 18)|(153.0, 143.0, 142.0)
razzmatazz:(227, 11, 92)|(156.0, 167.0, 151.0)
reddest red:(0, 58, 255)|(141.0, 148.0, 130.0)
ripple:(69, 62, 49)|(97.0, 104.0, 102.0)
rhys:(157, 118, 211)|(98.0, 103.0, 74.0)
robin egg blue:(0, 204, 204)|(122.0, 115.0, 127.0)
rose:(255, 0, 127)|(95.0, 113.0, 98.0)
royal purple:(107, 63, 160)|(210.0, 213.0, 217.0)
ruby:(224, 17, 95)|(192.0, 194.0, 181.0)
ribuli:(157, 45, 254)|(240.0, 238.0, 228.0)
russet:(128, 70, 27)|(12.0, 0.0, 0.0)
rust:(183, 65, 14)|(201.0, 189.0, 203.0)
safety orange:(255, 102, 0)|(95.0, 94.0, 96.0)
saffron:(244, 196, 48)|(171.0, 168.0, 159.0)
salmon:(255, 140, 105)|(83.0, 77.0, 69.0)
salfate:(224, 208, 70)|(189.0, 193.0, 185.0)
sandy brown:(244, 164, 96)|(185.0, 183.0, 186.0)
sangria:(146, 0, 10)|(130.0, 112.0, 115.0)
sap:(92, 207, 112)|(127.0, 132.0, 121.0)
sage:(143, 188, 139)|(217.0, 221.0, 216.0)
sapphire:(8, 37, 103)|(155.0, 146.0, 161.0)
savanneh:(0, 255, 0)|(125.0, 126.0, 125.0)
scarlet:(255, 36, 0)|(159.0, 162.0, 167.0)
school bus yellow:(255, 216, 0)|(185.0, 183.0, 173.0)
sea green:(46, 139, 87)|(218.0, 223.0, 213.0)
seashell:(255, 245, 238)|(179.0, 187.0, 185.0)
sea teal:(0, 255, 173)|(187.0, 207.0, 198.0)
sentaicar:(0, 198, 36)|(166.0, 181.0, 161.0)
sepia:(112, 66, 20)|(142.0, 150.0, 146.0)
shamrock green:(0, 158, 96)|(82.0, 63.0, 69.0)
shit green:(201, 197, 185)|(200.0, 194.0, 192.0)
shocking pink:(252, 15, 192)|(140.0, 145.0, 141.0)
sky blue:(135, 206, 235)|(16.0, 27.0, 17.0)
skyest blue:(45, 229, 255)|(34.0, 34.0, 33.0)
slate grey:(112, 128, 144)|(195.0, 185.0, 186.0)
silky white:(93, 123, 184)|(112.0, 98.0, 116.0)
smalt:(0, 51, 153)|(101.0, 103.0, 100.0)
sophi:(58, 44, 58)|(166.0, 170.0, 148.0)
soft green:(150, 254, 77)|(173.0, 169.0, 170.0)
soft red:(223, 114, 83)|(120.0, 123.0, 117.0)
soft magenta:(238, 130, 238)|(129.0, 141.0, 139.0)
spring bud:(167, 252, 0)|(156.0, 167.0, 146.0)
spring green:(0, 255, 127)|(209.0, 203.0, 199.0)
steel blue:(70, 130, 180)|(134.0, 126.0, 125.0)
tan:(210, 180, 140)|(102.0, 106.0, 111.0)
tangerine:(242, 133, 0)|(168.0, 167.0, 158.0)
taupe:(72, 60, 50)|(71.0, 69.0, 78.0)
tenné (tawny):(205, 87, 0)|(220.0, 214.0, 218.0)
terra cotta:(226, 114, 91)|(169.0, 169.0, 157.0)
teszopiggyt:(255, 230, 254)|(157.0, 148.0, 141.0)
thistle:(216, 191, 216)|(164.0, 159.0, 160.0)
titanium white:(255, 255, 255)|(140.0, 157.0, 147.0)
tomato:(255, 99, 71)|(145.0, 140.0, 135.0)
tokeo:(29, 102, 85)|(59.0, 67.0, 70.0)
tremaine:(225, 45, 65)|(167.0, 166.0, 161.0)
turquoise:(48, 213, 200)|(136.0, 120.0, 131.0)
tyrian purple:(102, 2, 60)|(126.0, 120.0, 138.0)
ultramarine:(18, 10, 143)|(134.0, 129.0, 126.0)
ultra violet:(75, 1, 156)|(155.0, 156.0, 146.0)
van dyke brown:(65, 48, 0)|(193.0, 199.0, 197.0)
vermilion:(227, 66, 52)|(153.0, 159.0, 159.0)
very light cyan:(139, 252, 255)|(78.0, 93.0, 77.0)
very pale blue:(240, 248, 255)|(177.0, 186.0, 175.0)
vev:(53, 118, 74)|(103.0, 85.0, 95.0)
violet:(139, 0, 255)|(137.0, 155.0, 146.0)
vivid red:(255, 32, 82)|(112.0, 114.0, 118.0)
wheat:(245, 222, 179)|(109.0, 120.0, 94.0)
wisteria:(201, 160, 220)|(78.0, 83.0, 84.0)
xanthic:(238, 237, 9)|(175.0, 175.0, 166.0)
xanadu:(115, 134, 120)|(123.0, 147.0, 137.0)
xxxtentacion:(163, 162, 161)|(108.0, 93.0, 103.0)
xylophone:(255, 182, 193)|(95.0, 108.0, 93.0)
yapan:(169, 113, 100)|(97.0, 109.0, 100.0)
zenchua:(210, 60, 119)|(145.0, 148.0, 147.0)
zokine:(67, 82, 60)|(162.0, 162.0, 154.0)
zoboba:(188, 138, 82)|(53.0, 54.0, 55.0)
zomp:(57, 167, 142)|(162.0, 147.0, 150.0)
zunza:(191, 209, 188)|(142.0, 156.0, 156.0)
zunisha:(137, 155, 169)|(125.0, 134.0, 130.0)
zutem:(212, 170, 37)|(183.0, 182.0, 187.0)
zucchini:(80, 96, 34)|(0.0, 9.0, 10.0)
