apple:(157.0, 162.0, 168.0)
grape:(127.0, 124.0, 119.0)
strawberry:(118.0, 124.0, 109.0)
blueberry:(157.0, 151.0, 151.0)
mango:(177.0, 181.0, 174.0)
banana:(131.0, 148.0, 138.0)
watermelon:(78.0, 75.0, 74.0)
lemon:(104.0, 97.0, 77.0)
lime:(169.0, 151.0, 163.0)
peach:(137.0, 153.0, 144.0)
blue-planet:(100.0, 110.0, 96.0)
1:(125.0, 135.0, 122.0)
2:(187.0, 188.0, 182.0)
A:(150.0, 174.0, 143.0)
Z:(88.0, 92.0, 91.0)
dramatic:(147.0, 139.0, 141.0)
methematical:(114.0, 122.0, 112.0)
elegant:(195.0, 188.0, 187.0)
noble:(113.0, 115.0, 106.0)
0range:(94.0, 98.0, 110.0)
b1ue:(200.0, 188.0, 185.0)
catastrophic:(182.0, 182.0, 179.0)
hopeless:(228.0, 229.0, 218.0)
blooming:(140.0, 139.0, 137.0)
BigBang:(109.0, 94.0, 100.0)
