green:(0.0, 128.0, 0.0)|(156.5873260498047, 134.54754638671875, 122.02242279052734)
yellow:(255.0, 255.0, 0.0)|(156.5873260498047, 134.54754638671875, 122.02241516113281)
red:(255.0, 0.0, 0.0)|(156.5873260498047, 134.54754638671875, 122.02242279052734)
blue:(0.0, 0.0, 255.0)|(156.5873260498047, 134.54754638671875, 122.02241516113281)
white:(255.0, 255.0, 255.0)|(156.5873260498047, 134.54754638671875, 122.02241516113281)
pink:(255.0, 192.0, 203.0)|(156.5873260498047, 134.54754638671875, 122.02242279052734)
brown:(165.0, 42.0, 42.0)|(156.5873260498047, 134.54754638671875, 122.02240753173828)
black:(0.0, 0.0, 0.0)|(156.5873260498047, 134.54754638671875, 122.02240753173828)
silver:(192.0, 192.0, 192.0)|(156.5873260498047, 134.54754638671875, 122.02240753173828)
maroon:(128.0, 0.0, 0.0)|(156.5873260498047, 134.54754638671875, 122.02240753173828)
purple:(128.0, 0.0, 128.0)|(156.5873260498047, 134.54754638671875, 122.02240753173828)
gray:(128.0, 128.0, 128.0)|(156.5873260498047, 134.54754638671875, 122.02241516113281)
fuchsia:(255.0, 0.0, 255.0)|(156.5873260498047, 134.54754638671875, 122.02241516113281)
lime:(0.0, 255.0, 0.0)|(156.5873260498047, 134.54754638671875, 122.02240753173828)
olive:(128.0, 128.0, 0.0)|(156.5873260498047, 134.54754638671875, 122.02241516113281)
navy:(0.0, 0.0, 128.0)|(156.5873260498047, 134.54754638671875, 122.02240753173828)
teal:(0.0, 128.0, 128.0)|(156.5873260498047, 134.54754638671875, 122.02241516113281)
aqua:(0.0, 255.0, 255.0)|(156.5873260498047, 134.54754638671875, 122.02240753173828)
alice blue:(240.0, 248.0, 255.0)|(156.5873260498047, 134.54754638671875, 122.02240753173828)
antique white:(250.0, 235.0, 215.0)|(156.5873260498047, 134.54754638671875, 122.02241516113281)
aquamarine:(127.0, 255.0, 212.0)|(156.5873260498047, 134.54754638671875, 122.02242279052734)
azure:(240.0, 255.0, 255.0)|(156.5873260498047, 134.54754638671875, 122.02242279052734)
beige:(245.0, 245.0, 220.0)|(156.5873260498047, 134.54754638671875, 122.02242279052734)
bisque:(255.0, 228.0, 196.0)|(156.5873260498047, 134.54754638671875, 122.02240753173828)
blue violet:(138.0, 43.0, 226.0)|(156.5873260498047, 134.54754638671875, 122.02240753173828)
blanched almond:(255.0, 235.0, 205.0)|(156.5873260498047, 134.54754638671875, 122.02240753173828)
burlywood:(222.0, 184.0, 135.0)|(156.5873260498047, 134.54754638671875, 122.02241516113281)
cadet blue:(95.0, 158.0, 160.0)|(156.5873260498047, 134.54754638671875, 122.02240753173828)
chartreuse:(127.0, 255.0, 0.0)|(156.5873260498047, 134.54754638671875, 122.02242279052734)
chocolate:(210.0, 105.0, 30.0)|(156.5873260498047, 134.54754638671875, 122.02240753173828)
coral:(255.0, 127.0, 80.0)|(156.5873260498047, 134.54754638671875, 122.02242279052734)
cornflower blue:(100.0, 149.0, 237.0)|(156.5873260498047, 134.54754638671875, 122.02242279052734)
cornsilk:(255.0, 248.0, 220.0)|(156.5873260498047, 134.54754638671875, 122.02241516113281)
crimson:(220.0, 20.0, 60.0)|(156.5873260498047, 134.54754638671875, 122.02242279052734)
cyan:(0.0, 255.0, 255.0)|(156.5873260498047, 134.54754638671875, 122.02240753173828)
dark blue:(0.0, 0.0, 139.0)|(156.5873260498047, 134.54754638671875, 122.02240753173828)
dark cyan:(0.0, 139.0, 139.0)|(156.5873260498047, 134.54754638671875, 122.02242279052734)
dark goldenrod:(184.0, 134.0, 11.0)|(156.5873260498047, 134.54754638671875, 122.02242279052734)
dark gray:(169.0, 169.0, 169.0)|(156.5873260498047, 134.54754638671875, 122.02241516113281)
dark green:(0.0, 100.0, 0.0)|(156.5873260498047, 134.54754638671875, 122.02242279052734)
dark grey:(169.0, 169.0, 169.0)|(156.5873260498047, 134.54754638671875, 122.02242279052734)
dark khaki:(189.0, 183.0, 107.0)|(156.5873260498047, 134.54754638671875, 122.02242279052734)
dark magenta:(139.0, 0.0, 139.0)|(156.5873260498047, 134.54754638671875, 122.02242279052734)
dark olive green:(85.0, 107.0, 47.0)|(156.5873260498047, 134.54754638671875, 122.02240753173828)
dark orange:(255.0, 140.0, 0.0)|(156.5873260498047, 134.54754638671875, 122.02240753173828)
dark orchid:(153.0, 50.0, 204.0)|(156.5873260498047, 134.54754638671875, 122.02242279052734)
dark red:(139.0, 0.0, 0.0)|(156.5873260498047, 134.54754638671875, 122.02240753173828)
dark salmon:(233.0, 150.0, 122.0)|(156.5873260498047, 134.54754638671875, 122.02240753173828)
dark sea green:(143.0, 188.0, 143.0)|(156.5873260498047, 134.54754638671875, 122.02242279052734)
dark slate blue:(72.0, 61.0, 139.0)|(156.5873260498047, 134.54754638671875, 122.02242279052734)
dark slate gray:(47.0, 79.0, 79.0)|(156.5873260498047, 134.54754638671875, 122.02241516113281)
dark turquoise:(0.0, 206.0, 209.0)|(156.5873260498047, 134.54754638671875, 122.02240753173828)
dark violet:(148.0, 0.0, 211.0)|(156.5873260498047, 134.54754638671875, 122.02242279052734)
deep pink:(255.0, 20.0, 147.0)|(156.5873260498047, 134.54754638671875, 122.02240753173828)
deep sky blue:(0.0, 191.0, 255.0)|(156.5873260498047, 134.54754638671875, 122.02240753173828)
dim gray:(105.0, 105.0, 105.0)|(156.5873260498047, 134.54754638671875, 122.02240753173828)
dodgerblue:(30.0, 144.0, 255.0)|(156.5873260498047, 134.54754638671875, 122.02240753173828)
firebrick:(178.0, 34.0, 34.0)|(156.5873260498047, 134.54754638671875, 122.02240753173828)
floral white:(255.0, 250.0, 240.0)|(156.5873260498047, 134.54754638671875, 122.02242279052734)
forest green:(34.0, 139.0, 34.0)|(156.5873260498047, 134.54754638671875, 122.02242279052734)
gainsboro:(220.0, 220.0, 220.0)|(156.5873260498047, 134.54754638671875, 122.02240753173828)
ghost white:(248.0, 248.0, 255.0)|(156.5873260498047, 134.54754638671875, 122.02242279052734)
gold:(255.0, 215.0, 0.0)|(156.5873260498047, 134.54754638671875, 122.02242279052734)
goldenrod:(218.0, 165.0, 32.0)|(156.58734130859375, 134.54754638671875, 122.02242279052734)
green yellow:(173.0, 255.0, 47.0)|(156.5873260498047, 134.54754638671875, 122.02240753173828)
honeydew:(240.0, 255.0, 240.0)|(156.5873260498047, 134.54754638671875, 122.02241516113281)
hot pink:(255.0, 105.0, 180.0)|(156.5873260498047, 134.54754638671875, 122.02240753173828)
indian red:(205.0, 92.0, 92.0)|(156.5873260498047, 134.54754638671875, 122.02240753173828)
indigo:(75.0, 0.0, 130.0)|(156.5873260498047, 134.54754638671875, 122.02242279052734)
ivory:(255.0, 255.0, 240.0)|(156.5873260498047, 134.54754638671875, 122.02241516113281)
khaki:(240.0, 230.0, 140.0)|(156.5873260498047, 134.54754638671875, 122.02240753173828)
lavender:(230.0, 230.0, 250.0)|(156.5873260498047, 134.54754638671875, 122.02240753173828)
lavender blush:(255.0, 240.0, 245.0)|(156.5873260498047, 134.54754638671875, 122.02241516113281)
lawn green:(124.0, 252.0, 0.0)|(156.5873260498047, 134.54754638671875, 122.02240753173828)
lemon chiffon:(255.0, 250.0, 205.0)|(156.5873260498047, 134.54754638671875, 122.02242279052734)
light blue:(173.0, 216.0, 230.0)|(156.5873260498047, 134.54754638671875, 122.02242279052734)
light coral:(240.0, 128.0, 128.0)|(156.5873260498047, 134.54754638671875, 122.02242279052734)
light cyan:(224.0, 255.0, 255.0)|(156.5873260498047, 134.54754638671875, 122.02242279052734)
light golden rod yellow:(250.0, 250.0, 210.0)|(156.5873260498047, 134.54754638671875, 122.02242279052734)
light pink:(255.0, 182.0, 193.0)|(156.5873260498047, 134.54754638671875, 122.02242279052734)
light slate grey:(119.0, 136.0, 153.0)|(156.5873260498047, 134.54754638671875, 122.02240753173828)
lightsteelblue:(176.0, 196.0, 222.0)|(156.5873260498047, 134.54754638671875, 122.02240753173828)
light yellow:(255.0, 255.0, 224.0)|(156.5873260498047, 134.54754638671875, 122.02240753173828)
lime green:(50.0, 205.0, 50.0)|(156.5873260498047, 134.54754638671875, 122.02240753173828)
linen:(250.0, 240.0, 230.0)|(156.5873260498047, 134.54754638671875, 122.02241516113281)
navajo white:(255.0, 222.0, 173.0)|(156.5873260498047, 134.54754638671875, 122.02242279052734)
olive drab:(107.0, 142.0, 35.0)|(156.5873260498047, 134.54754638671875, 122.02242279052734)
orange:(255.0, 165.0, 0.0)|(156.5873260498047, 134.54754638671875, 122.02241516113281)
orange red:(255.0, 69.0, 0.0)|(156.5873260498047, 134.54754638671875, 122.02240753173828)
pale golden rod:(238.0, 232.0, 170.0)|(156.5873260498047, 134.54754638671875, 122.02241516113281)
pale green:(152.0, 251.0, 152.0)|(156.5873260498047, 134.54754638671875, 122.02242279052734)
pale turquoise:(175.0, 238.0, 238.0)|(156.5873260498047, 134.54754638671875, 122.02242279052734)
palevioletred:(219.0, 112.0, 147.0)|(156.5873260498047, 134.54754638671875, 122.02240753173828)
papaya whip:(255.0, 239.0, 213.0)|(156.5873260498047, 134.54754638671875, 122.02240753173828)
peach puff:(255.0, 218.0, 185.0)|(156.5873260498047, 134.54754638671875, 122.02240753173828)
peru:(205.0, 133.0, 63.0)|(156.5873260498047, 134.54754638671875, 122.02242279052734)
royal blue:(65.0, 105.0, 225.0)|(156.5873260498047, 134.54754638671875, 122.02240753173828)
aassdd:(33.0, 37.0, 28.0)|(156.5873260498047, 134.54754638671875, 122.02242279052734)
alizarin:(227.0, 38.0, 54.0)|(156.5873260498047, 134.54754638671875, 122.02241516113281)
alora:(229.0, 172.0, 113.0)|(156.5873260498047, 134.54754638671875, 122.02240753173828)
amaranth:(229.0, 43.0, 80.0)|(156.5873260498047, 134.54754638671875, 122.02242279052734)
amber:(255.0, 191.0, 0.0)|(156.5873260498047, 134.54754638671875, 122.02240753173828)
amethyst:(153.0, 102.0, 204.0)|(156.5873260498047, 134.54754638671875, 122.02241516113281)
apricot:(251.0, 206.0, 177.0)|(156.5873260498047, 134.54754638671875, 122.02241516113281)
ariana grande:(194.0, 98.0, 39.0)|(156.5873260498047, 134.54754638671875, 122.02242279052734)
asparagus:(123.0, 160.0, 91.0)|(156.5873260498047, 134.54754638671875, 122.02240753173828)
auburn:(109.0, 53.0, 26.0)|(156.5873260498047, 134.54754638671875, 122.02241516113281)
avocado:(61.0, 96.0, 3.0)|(156.5873260498047, 134.54754638671875, 122.02242279052734)
badiflyee:(14.0, 14.0, 14.0)|(156.5873260498047, 134.54754638671875, 122.02241516113281)
bistre:(61.0, 43.0, 31.0)|(156.5873260498047, 134.54754638671875, 122.02242279052734)
blanc et bleu:(173.0, 216.0, 230.0)|(156.5873260498047, 134.54754638671875, 122.02242279052734)
blush:(248.0, 136.0, 133.0)|(156.5873260498047, 134.54754638671875, 122.02242279052734)
blue green:(0.0, 221.0, 221.0)|(156.5873260498047, 134.54754638671875, 122.02242279052734)
blurple:(114.0, 137.0, 218.0)|(156.5873260498047, 134.54754638671875, 122.02242279052734)
bondi blue:(0.0, 149.0, 182.0)|(156.5873260498047, 134.54754638671875, 122.02242279052734)
bomby:(144.0, 238.0, 144.0)|(156.5873260498047, 134.54754638671875, 122.02241516113281)
brass:(181.0, 166.0, 66.0)|(156.5873260498047, 134.54754638671875, 122.02242279052734)
bronze:(205.0, 127.0, 50.0)|(156.5873260498047, 134.54754638671875, 122.02241516113281)
buff:(240.0, 220.0, 130.0)|(156.5873260498047, 134.54754638671875, 122.02241516113281)
burgundy:(144.0, 0.0, 32.0)|(156.5873260498047, 134.54754638671875, 122.02242279052734)
burnt orange:(204.0, 85.0, 0.0)|(156.5873260498047, 134.54754638671875, 122.02240753173828)
burnt sienna:(233.0, 116.0, 81.0)|(156.5873260498047, 134.54754638671875, 122.02242279052734)
burnt umber:(138.0, 51.0, 36.0)|(156.5873260498047, 134.54754638671875, 122.02240753173828)
candy pink:(254.0, 0.0, 183.0)|(156.58734130859375, 134.54754638671875, 122.02242279052734)
camouflage green:(120.0, 134.0, 107.0)|(156.5873260498047, 134.54754638671875, 122.02242279052734)
caput mortuum:(89.0, 39.0, 32.0)|(156.5873260498047, 134.54754638671875, 122.02240753173828)
cardinal:(196.0, 30.0, 58.0)|(156.5873260498047, 134.54754638671875, 122.02242279052734)
carmine:(150.0, 0.0, 24.0)|(156.5873260498047, 134.54754638671875, 122.02242279052734)
carrot orange:(237.0, 145.0, 33.0)|(156.5873260498047, 134.54754638671875, 122.02242279052734)
celadon:(172.0, 225.0, 175.0)|(156.5873260498047, 134.54754638671875, 122.02241516113281)
cerise:(222.0, 49.0, 99.0)|(156.5873260498047, 134.54754638671875, 122.02242279052734)
cerulean:(0.0, 123.0, 167.0)|(156.5873260498047, 134.54754638671875, 122.02240753173828)
champagne:(247.0, 231.0, 206.0)|(156.5873260498047, 134.54754638671875, 122.02242279052734)
charcoal:(70.0, 70.0, 70.0)|(156.5873260498047, 134.54754638671875, 122.02240753173828)
cherry blossom pink:(255.0, 183.0, 197.0)|(156.5873260498047, 134.54754638671875, 122.02240753173828)
chestnut:(205.0, 92.0, 92.0)|(156.5873260498047, 134.54754638671875, 122.02241516113281)
cinnabar:(227.0, 66.0, 52.0)|(156.5873260498047, 134.54754638671875, 122.02242279052734)
cinnamon:(210.0, 105.0, 30.0)|(156.5873260498047, 134.54754638671875, 122.02241516113281)
cobalt:(0.0, 71.0, 171.0)|(156.5873260498047, 134.54754638671875, 122.02242279052734)
copper:(184.0, 115.0, 51.0)|(156.5873260498047, 134.54754638671875, 122.02242279052734)
corn:(251.0, 236.0, 93.0)|(156.5873260498047, 134.54754638671875, 122.02242279052734)
cornflower:(100.0, 149.0, 237.0)|(156.5873260498047, 134.54754638671875, 122.02242279052734)
cream:(255.0, 253.0, 208.0)|(156.5873260498047, 134.54754638671875, 122.02240753173828)
damon:(239.0, 202.0, 229.0)|(156.5873260498047, 134.54754638671875, 122.02241516113281)
dandelion:(254.0, 216.0, 93.0)|(156.5873260498047, 134.54754638671875, 122.02242279052734)
dantrine:(205.0, 13.0, 246.0)|(156.5873260498047, 134.54754638671875, 122.02242279052734)
dark moderate magenta:(159.0, 85.0, 172.0)|(156.5873260498047, 134.54754638671875, 122.02240753173828)
dark moderate orange:(174.0, 114.0, 80.0)|(156.5873260498047, 134.54754638671875, 122.02242279052734)
denim:(21.0, 96.0, 189.0)|(156.5873260498047, 134.54754638671875, 122.02242279052734)
dog dick red:(194.0, 7.0, 4.0)|(156.5873260498047, 134.54754638671875, 122.02242279052734)
dianne:(235.0, 137.0, 248.0)|(156.5873260498047, 134.54754638671875, 122.02242279052734)
earnstead:(255.0, 165.0, 0.0)|(156.5873260498047, 134.54754638671875, 122.02241516113281)
eucalyptus flower:(173.0, 216.0, 230.0)|(156.5873260498047, 134.54754638671875, 122.02240753173828)
eclipse:(34.0, 15.0, 70.0)|(156.5873260498047, 134.54754638671875, 122.02242279052734)
eleck:(197.0, 199.0, 196.0)|(156.5873260498047, 134.54754638671875, 122.02241516113281)
emberiea:(255.0, 121.0, 77.0)|(156.5873260498047, 134.54754638671875, 122.02241516113281)
emerald green:(80.0, 200.0, 120.0)|(156.5873260498047, 134.54754638671875, 122.02242279052734)
eggplant purple:(97.0, 64.0, 81.0)|(156.5873260498047, 134.54754638671875, 122.02241516113281)
eucalyptus leaf:(33.0, 133.0, 89.0)|(156.5873260498047, 134.54754638671875, 122.02240753173828)
faloobang:(255.0, 105.0, 180.0)|(156.5873260498047, 134.54754638671875, 122.02240753173828)
falu red:(128.0, 24.0, 24.0)|(156.5873260498047, 134.54754638671875, 122.02242279052734)
fern green:(79.0, 121.0, 66.0)|(156.5873260498047, 134.54754638671875, 122.02242279052734)
flax:(238.0, 220.0, 130.0)|(156.5873260498047, 134.54754638671875, 122.02241516113281)
french rose:(246.0, 74.0, 138.0)|(156.5873260498047, 134.54754638671875, 122.02241516113281)
funionz:(77.0, 46.0, 26.0)|(156.5873260498047, 134.54754638671875, 122.02241516113281)
fresh avacadoo:(255.0, 215.0, 0.0)|(156.5873260498047, 134.54754638671875, 122.02241516113281)
galexcias:(88.0, 24.0, 69.0)|(156.5873260498047, 134.54754638671875, 122.02240753173828)
gamboge:(228.0, 155.0, 15.0)|(156.5873260498047, 134.54754638671875, 122.02240753173828)
golcli:(128.0, 108.0, 0.0)|(156.5873260498047, 134.54754638671875, 122.02241516113281)
green gem:(51.0, 135.0, 9.0)|(156.5873260498047, 134.54754638671875, 122.02242279052734)
grey:(128.0, 128.0, 128.0)|(156.5873260498047, 134.54754638671875, 122.02240753173828)
hazel:(165.0, 42.0, 42.0)|(156.5873260498047, 134.54754638671875, 122.02240753173828)
han purple:(82.0, 24.0, 250.0)|(156.5873260498047, 134.54754638671875, 122.02241516113281)
harlequin:(63.0, 255.0, 0.0)|(156.5873260498047, 134.54754638671875, 122.02242279052734)
heaven:(180.0, 176.0, 236.0)|(156.5873260498047, 134.54754638671875, 122.02242279052734)
heliotrope:(223.0, 115.0, 255.0)|(156.5873260498047, 134.54754638671875, 122.02242279052734)
hollywood cerise:(244.0, 0.0, 161.0)|(156.5873260498047, 134.54754638671875, 122.02240753173828)
hegarty:(26.0, 255.0, 26.0)|(156.5873260498047, 134.54754638671875, 122.02240753173828)
jade:(0.0, 168.0, 107.0)|(156.5873260498047, 134.54754638671875, 122.02241516113281)
jadeykins:(13.0, 138.0, 123.0)|(156.5873260498047, 134.54754638671875, 122.02240753173828)
jallion:(0.0, 0.0, 255.0)|(156.5873260498047, 134.54754638671875, 122.02240753173828)
jazzamoon:(224.0, 209.0, 145.0)|(156.5873260498047, 134.54754638671875, 122.02240753173828)
jezzepy:(75.0, 60.0, 37.0)|(156.5873260498047, 134.54754638671875, 122.02241516113281)
juniper:(100.0, 217.0, 30.0)|(156.5873260498047, 134.54754638671875, 122.02240753173828)
kyrin:(0.0, 0.0, 179.0)|(156.5873260498047, 134.54754638671875, 122.02242279052734)
lakipa:(222.0, 244.0, 159.0)|(156.5873260498047, 134.54754638671875, 122.02240753173828)
lemon:(253.0, 233.0, 16.0)|(156.5873260498047, 134.54754638671875, 122.02242279052734)
leoan:(154.0, 205.0, 50.0)|(156.5873260498047, 134.54754638671875, 122.02242279052734)
lithium yellow:(255.0, 255.0, 121.0)|(156.5873260498047, 134.54754638671875, 122.02242279052734)
light grayish violet:(212.0, 199.0, 217.0)|(156.5873260498047, 134.54754638671875, 122.02241516113281)
light grayish yellow:(245.0, 245.0, 220.0)|(156.5873260498047, 134.54754638671875, 122.02242279052734)
lilac:(200.0, 162.0, 200.0)|(156.5873260498047, 134.54754638671875, 122.02240753173828)
madeleine:(47.0, 198.0, 254.0)|(156.5873260498047, 134.54754638671875, 122.02240753173828)
magenta:(255.0, 0.0, 255.0)|(156.5873260498047, 134.54754638671875, 122.02240753173828)
magnolia:(248.0, 244.0, 255.0)|(156.5873260498047, 134.54754638671875, 122.02242279052734)
mango yellow:(254.0, 180.0, 15.0)|(156.5873260498047, 134.54754638671875, 122.02241516113281)
malachite:(11.0, 218.0, 81.0)|(156.5873260498047, 134.54754638671875, 122.02241516113281)
mariener:(2.0, 44.0, 66.0)|(156.5873260498047, 134.54754638671875, 122.02242279052734)
matilda:(0.0, 0.0, 139.0)|(156.5873260498047, 134.54754638671875, 122.02240753173828)
mauve:(224.0, 176.0, 255.0)|(156.5873260498047, 134.54754638671875, 122.02242279052734)
mermaid blue:(12.0, 209.0, 192.0)|(156.5873260498047, 134.54754638671875, 122.02241516113281)
midnight blue:(25.0, 25.0, 112.0)|(156.5873260498047, 134.54754638671875, 122.02241516113281)
mint green:(152.0, 255.0, 152.0)|(156.5873260498047, 134.54754638671875, 122.02240753173828)
misty rose:(255.0, 228.0, 225.0)|(156.5873260498047, 134.54754638671875, 122.02240753173828)
mix thunder:(103.0, 184.0, 141.0)|(156.5873260498047, 134.54754638671875, 122.02242279052734)
moss green:(173.0, 223.0, 173.0)|(156.5873260498047, 134.54754638671875, 122.02241516113281)
mustard:(255.0, 219.0, 88.0)|(156.5873260498047, 134.54754638671875, 122.02241516113281)
mostly desaturated dark orange:(133.0, 92.0, 76.0)|(156.5873260498047, 134.54754638671875, 122.02242279052734)
myrtle:(33.0, 66.0, 30.0)|(156.5873260498047, 134.54754638671875, 122.02240753173828)
navy blue:(0.0, 0.0, 128.0)|(156.5873260498047, 134.54754638671875, 122.02242279052734)
neruple:(133.0, 0.0, 163.0)|(156.5873260498047, 134.54754638671875, 122.02242279052734)
nellow:(189.0, 44.0, 7.0)|(156.5873260498047, 134.54754638671875, 122.02240753173828)
nevgan green:(41.0, 117.0, 42.0)|(156.5873260498047, 134.54754638671875, 122.02241516113281)
ochre:(204.0, 119.0, 34.0)|(156.5873260498047, 134.54754638671875, 122.02240753173828)
office green:(0.0, 128.0, 0.0)|(156.5873260498047, 134.54754638671875, 122.02240753173828)
ogre:(98.0, 43.0, 45.0)|(156.5873260498047, 134.54754638671875, 122.02242279052734)
old rose:(192.0, 128.0, 129.0)|(156.5873260498047, 134.54754638671875, 122.02240753173828)
olivine:(154.0, 185.0, 115.0)|(156.5873260498047, 134.54754638671875, 122.02242279052734)
orchid:(218.0, 112.0, 214.0)|(156.5873260498047, 134.54754638671875, 122.02242279052734)
owo:(47.0, 50.0, 30.0)|(156.5873260498047, 134.54754638671875, 122.02241516113281)
paper:(194.0, 178.0, 128.0)|(156.5873260498047, 134.54754638671875, 122.02241516113281)
peach:(255.0, 229.0, 180.0)|(156.5873260498047, 134.54754638671875, 122.02240753173828)
pear:(209.0, 226.0, 49.0)|(156.5873260498047, 134.54754638671875, 122.02242279052734)
periwinkle:(204.0, 204.0, 255.0)|(156.5873260498047, 134.54754638671875, 122.02242279052734)
perinto:(191.0, 218.0, 229.0)|(156.5873260498047, 134.54754638671875, 122.02242279052734)
persimmon:(236.0, 88.0, 0.0)|(156.5873260498047, 134.54754638671875, 122.02241516113281)
perfect puppy:(226.0, 220.0, 205.0)|(156.5873260498047, 134.54754638671875, 122.02240753173828)
pine green:(1.0, 121.0, 111.0)|(156.5873260498047, 134.54754638671875, 122.02242279052734)
piss yellow:(255.0, 255.0, 0.0)|(156.5873260498047, 134.54754638671875, 122.02240753173828)
platinum:(229.0, 228.0, 226.0)|(156.5873260498047, 134.54754638671875, 122.02240753173828)
plum:(204.0, 153.0, 204.0)|(156.5873260498047, 134.54754638671875, 122.02242279052734)
powder blue:(176.0, 224.0, 230.0)|(156.5873260498047, 134.54754638671875, 122.02241516113281)
prizmarine:(18.0, 139.0, 218.0)|(156.5873260498047, 134.54754638671875, 122.02242279052734)
princess pink:(254.0, 49.0, 194.0)|(156.5873260498047, 134.54754638671875, 122.02240753173828)
princess karii:(255.0, 230.0, 243.0)|(156.5873260498047, 134.54754638671875, 122.02240753173828)
prototondio:(167.0, 205.0, 106.0)|(156.5873260498047, 134.54754638671875, 122.02242279052734)
puce:(204.0, 136.0, 153.0)|(156.5873260498047, 134.54754638671875, 122.02240753173828)
prussian blue:(0.0, 49.0, 83.0)|(156.5873260498047, 134.54754638671875, 122.02242279052734)
psychedelic purple:(221.0, 0.0, 255.0)|(156.5873260498047, 134.54754638671875, 122.02240753173828)
pumpkin:(255.0, 117.0, 24.0)|(156.5873260498047, 134.54754638671875, 122.02240753173828)
pusheen gray:(207.0, 180.0, 155.0)|(156.5873260498047, 134.54754638671875, 122.02241516113281)
quartile:(76.0, 187.0, 23.0)|(156.5873260498047, 134.54754638671875, 122.02241516113281)
quartz grey:(108.0, 105.0, 97.0)|(156.5873260498047, 134.54754638671875, 122.02240753173828)
queen blue:(67.0, 107.0, 149.0)|(156.5873260498047, 134.54754638671875, 122.02240753173828)
queen mintey:(62.0, 180.0, 137.0)|(156.5873260498047, 134.54754638671875, 122.02240753173828)
racing green:(9.0, 81.0, 25.0)|(156.5873260498047, 134.54754638671875, 122.02242279052734)
rabbit red:(254.0, 10.0, 0.0)|(156.5873260498047, 134.54754638671875, 122.02242279052734)
raw umber:(115.0, 74.0, 18.0)|(156.5873260498047, 134.54754638671875, 122.02241516113281)
razzmatazz:(227.0, 11.0, 92.0)|(156.5873260498047, 134.54754638671875, 122.02241516113281)
reddest red:(0.0, 58.0, 255.0)|(156.5873260498047, 134.54754638671875, 122.02240753173828)
ripple:(69.0, 62.0, 49.0)|(156.5873260498047, 134.54754638671875, 122.02241516113281)
rhys:(157.0, 118.0, 211.0)|(156.5873260498047, 134.54754638671875, 122.02242279052734)
robin egg blue:(0.0, 204.0, 204.0)|(156.5873260498047, 134.54754638671875, 122.02240753173828)
rose:(255.0, 0.0, 127.0)|(156.5873260498047, 134.54754638671875, 122.02241516113281)
royal purple:(107.0, 63.0, 160.0)|(156.5873260498047, 134.54754638671875, 122.02242279052734)
ruby:(224.0, 17.0, 95.0)|(156.5873260498047, 134.54754638671875, 122.02242279052734)
ribuli:(157.0, 45.0, 254.0)|(156.5873260498047, 134.54754638671875, 122.02240753173828)
russet:(128.0, 70.0, 27.0)|(156.5873260498047, 134.54754638671875, 122.02241516113281)
rust:(183.0, 65.0, 14.0)|(156.5873260498047, 134.54754638671875, 122.02242279052734)
safety orange:(255.0, 102.0, 0.0)|(156.5873260498047, 134.54754638671875, 122.02242279052734)
saffron:(244.0, 196.0, 48.0)|(156.5873260498047, 134.54754638671875, 122.02241516113281)
salmon:(255.0, 140.0, 105.0)|(156.5873260498047, 134.54754638671875, 122.02240753173828)
salfate:(224.0, 208.0, 70.0)|(156.5873260498047, 134.54754638671875, 122.02242279052734)
sandy brown:(244.0, 164.0, 96.0)|(156.5873260498047, 134.54754638671875, 122.02242279052734)
sangria:(146.0, 0.0, 10.0)|(156.5873260498047, 134.54754638671875, 122.02240753173828)
sap:(92.0, 207.0, 112.0)|(156.5873260498047, 134.54754638671875, 122.02240753173828)
sage:(143.0, 188.0, 139.0)|(156.5873260498047, 134.54754638671875, 122.02241516113281)
sapphire:(8.0, 37.0, 103.0)|(156.5873260498047, 134.54754638671875, 122.02241516113281)
savanneh:(0.0, 255.0, 0.0)|(156.5873260498047, 134.54754638671875, 122.02242279052734)
scarlet:(255.0, 36.0, 0.0)|(156.5873260498047, 134.54754638671875, 122.02242279052734)
school bus yellow:(255.0, 216.0, 0.0)|(156.5873260498047, 134.54754638671875, 122.02241516113281)
sea green:(46.0, 139.0, 87.0)|(156.5873260498047, 134.54754638671875, 122.02241516113281)
seashell:(255.0, 245.0, 238.0)|(156.5873260498047, 134.54754638671875, 122.02240753173828)
sea teal:(0.0, 255.0, 173.0)|(156.5873260498047, 134.54754638671875, 122.02242279052734)
sentaicar:(0.0, 198.0, 36.0)|(156.5873260498047, 134.54754638671875, 122.02241516113281)
sepia:(112.0, 66.0, 20.0)|(156.5873260498047, 134.54754638671875, 122.02241516113281)
shamrock green:(0.0, 158.0, 96.0)|(156.5873260498047, 134.54754638671875, 122.02242279052734)
shit green:(201.0, 197.0, 185.0)|(156.5873260498047, 134.54754638671875, 122.02240753173828)
shocking pink:(252.0, 15.0, 192.0)|(156.5873260498047, 134.54754638671875, 122.02241516113281)
sky blue:(135.0, 206.0, 235.0)|(156.5873260498047, 134.54754638671875, 122.02242279052734)
skyest blue:(45.0, 229.0, 255.0)|(156.5873260498047, 134.54754638671875, 122.02240753173828)
slate grey:(112.0, 128.0, 144.0)|(156.5873260498047, 134.54754638671875, 122.02240753173828)
silky white:(93.0, 123.0, 184.0)|(156.5873260498047, 134.54754638671875, 122.02240753173828)
smalt:(0.0, 51.0, 153.0)|(156.5873260498047, 134.54754638671875, 122.02242279052734)
sophi:(58.0, 44.0, 58.0)|(156.5873260498047, 134.54754638671875, 122.02241516113281)
soft green:(150.0, 254.0, 77.0)|(156.5873260498047, 134.54754638671875, 122.02240753173828)
soft red:(223.0, 114.0, 83.0)|(156.5873260498047, 134.54754638671875, 122.02240753173828)
soft magenta:(238.0, 130.0, 238.0)|(156.5873260498047, 134.54754638671875, 122.02242279052734)
spring bud:(167.0, 252.0, 0.0)|(156.5873260498047, 134.54754638671875, 122.02242279052734)
spring green:(0.0, 255.0, 127.0)|(156.5873260498047, 134.54754638671875, 122.02242279052734)
steel blue:(70.0, 130.0, 180.0)|(156.5873260498047, 134.54754638671875, 122.02240753173828)
tan:(210.0, 180.0, 140.0)|(156.5873260498047, 134.54754638671875, 122.02242279052734)
tangerine:(242.0, 133.0, 0.0)|(156.5873260498047, 134.54754638671875, 122.02240753173828)
taupe:(72.0, 60.0, 50.0)|(156.5873260498047, 134.54754638671875, 122.02240753173828)
tenné (tawny):(205.0, 87.0, 0.0)|(156.5873260498047, 134.54754638671875, 122.02242279052734)
terra cotta:(226.0, 114.0, 91.0)|(156.5873260498047, 134.54754638671875, 122.02241516113281)
teszopiggyt:(255.0, 230.0, 254.0)|(156.5873260498047, 134.54754638671875, 122.02241516113281)
thistle:(216.0, 191.0, 216.0)|(156.5873260498047, 134.54754638671875, 122.02240753173828)
titanium white:(255.0, 255.0, 255.0)|(156.5873260498047, 134.54754638671875, 122.02240753173828)
tomato:(255.0, 99.0, 71.0)|(156.5873260498047, 134.54754638671875, 122.02241516113281)
tokeo:(29.0, 102.0, 85.0)|(156.5873260498047, 134.54754638671875, 122.02240753173828)
tremaine:(225.0, 45.0, 65.0)|(156.5873260498047, 134.54754638671875, 122.02241516113281)
turquoise:(48.0, 213.0, 200.0)|(156.5873260498047, 134.54754638671875, 122.02242279052734)
tyrian purple:(102.0, 2.0, 60.0)|(156.5873260498047, 134.54754638671875, 122.02242279052734)
ultramarine:(18.0, 10.0, 143.0)|(156.5873260498047, 134.54754638671875, 122.02241516113281)
ultra violet:(75.0, 1.0, 156.0)|(156.5873260498047, 134.54754638671875, 122.02242279052734)
van dyke brown:(65.0, 48.0, 0.0)|(156.5873260498047, 134.54754638671875, 122.02242279052734)
vermilion:(227.0, 66.0, 52.0)|(156.5873260498047, 134.54754638671875, 122.02242279052734)
very light cyan:(139.0, 252.0, 255.0)|(156.58734130859375, 134.54754638671875, 122.02242279052734)
very pale blue:(240.0, 248.0, 255.0)|(156.5873260498047, 134.54754638671875, 122.02242279052734)
vev:(53.0, 118.0, 74.0)|(156.5873260498047, 134.54754638671875, 122.02240753173828)
violet:(139.0, 0.0, 255.0)|(156.5873260498047, 134.54754638671875, 122.02242279052734)
vivid red:(255.0, 32.0, 82.0)|(156.5873260498047, 134.54754638671875, 122.02242279052734)
wheat:(245.0, 222.0, 179.0)|(156.5873260498047, 134.54754638671875, 122.02242279052734)
wisteria:(201.0, 160.0, 220.0)|(156.5873260498047, 134.54754638671875, 122.02242279052734)
xanthic:(238.0, 237.0, 9.0)|(156.5873260498047, 134.54754638671875, 122.02242279052734)
xanadu:(115.0, 134.0, 120.0)|(156.5873260498047, 134.54754638671875, 122.02242279052734)
xxxtentacion:(163.0, 162.0, 161.0)|(156.5873260498047, 134.54754638671875, 122.02242279052734)
xylophone:(255.0, 182.0, 193.0)|(156.5873260498047, 134.54754638671875, 122.02240753173828)
yapan:(169.0, 113.0, 100.0)|(156.5873260498047, 134.54754638671875, 122.02240753173828)
zenchua:(210.0, 60.0, 119.0)|(156.5873260498047, 134.54754638671875, 122.02241516113281)
zokine:(67.0, 82.0, 60.0)|(156.5873260498047, 134.54754638671875, 122.02241516113281)
zoboba:(188.0, 138.0, 82.0)|(156.5873260498047, 134.54754638671875, 122.02241516113281)
zomp:(57.0, 167.0, 142.0)|(156.5873260498047, 134.54754638671875, 122.02241516113281)
zunza:(191.0, 209.0, 188.0)|(156.5873260498047, 134.54754638671875, 122.02240753173828)
zunisha:(137.0, 155.0, 169.0)|(156.5873260498047, 134.54754638671875, 122.02240753173828)
zutem:(212.0, 170.0, 37.0)|(156.5873260498047, 134.54754638671875, 122.02242279052734)
zucchini:(80.0, 96.0, 34.0)|(156.5873260498047, 134.54754638671875, 122.02240753173828)
