green:#008000|(0, 128, 0)$(150.39425659179688, 138.15963745117188, 126.96939849853516)
yellow:#ffff00|(255, 255, 0)$(150.52505493164062, 138.01356506347656, 126.55097198486328)
red:#ff0000|(255, 0, 0)$(150.73471069335938, 138.60415649414062, 126.91172790527344)
blue:#0000ff|(0, 0, 255)$(149.9674072265625, 137.72914123535156, 126.20269012451172)
white:#ffffff|(255, 255, 255)$(151.51583862304688, 139.17723083496094, 127.95384216308594)
pink:#ffc0cb|(255, 192, 203)$(149.2070770263672, 137.0690460205078, 125.91740417480469)
brown:#a52a2a|(165, 42, 42)$(150.45223999023438, 138.12411499023438, 126.65350341796875)
black:#000000|(0, 0, 0)$(150.75314331054688, 138.116943359375, 126.9919662475586)
silver:#c0c0c0|(192, 192, 192)$(151.04867553710938, 138.6762237548828, 127.30634307861328)
maroon:#800000|(128, 0, 0)$(151.48065185546875, 138.92218017578125, 127.66171264648438)
purple:#800080|(128, 0, 128)$(150.18994140625, 137.79251098632812, 126.37648010253906)
gray:#808080|(128, 128, 128)$(149.3902587890625, 137.04034423828125, 125.99134063720703)
fuchsia:#ff00ff|(255, 0, 255)$(148.55958557128906, 136.55795288085938, 125.02075958251953)
lime:#00ff00|(0, 255, 0)$(150.08987426757812, 137.8496551513672, 126.33705139160156)
olive:#808000|(128, 128, 0)$(149.2115936279297, 136.8140411376953, 125.530517578125)
navy:#000080|(0, 0, 128)$(149.8182373046875, 137.52069091796875, 126.27877807617188)
teal:#008080|(0, 128, 128)$(151.7601318359375, 139.068603515625, 127.6949462890625)
aqua:#00ffff|(0, 255, 255)$(152.12289428710938, 139.71725463867188, 127.94729614257812)
alice blue:#f0f8ff|(240, 248, 255)$(151.40162658691406, 138.88360595703125, 127.37910461425781)
antique white:#faebd7|(250, 235, 215)$(149.7840576171875, 137.4111785888672, 126.03005981445312)
aquamarine:#7fffd4|(127, 255, 212)$(148.61044311523438, 136.291015625, 125.74984741210938)
azure:#f0ffff|(240, 255, 255)$(151.43492126464844, 138.6932373046875, 127.24362182617188)
beige:#f5f5dc|(245, 245, 220)$(150.8354949951172, 138.26614379882812, 127.17900085449219)
bisque:#ffe4c4|(255, 228, 196)$(150.76922607421875, 138.39569091796875, 127.05622863769531)
blue violet:#8a2be2|(138, 43, 226)$(150.20565795898438, 137.719482421875, 126.72620391845703)
blanched almond:#ffebcd|(255, 235, 205)$(150.1683349609375, 138.05462646484375, 126.5006103515625)
burlywood:#deb887|(222, 184, 135)$(150.17855834960938, 137.91806030273438, 126.56896209716797)
cadet blue:#5f9ea0|(95, 158, 160)$(150.45327758789062, 137.7670440673828, 126.4850845336914)
chartreuse:#7fff00|(127, 255, 0)$(149.99156188964844, 137.68429565429688, 126.25)
chocolate:#d2691e|(210, 105, 30)$(149.84378051757812, 137.34613037109375, 125.76377868652344)
coral:#ff7f50|(255, 127, 80)$(150.37216186523438, 138.17481994628906, 126.76809692382812)
cornflower blue:#6495ed|(100, 149, 237)$(151.89630126953125, 139.3817596435547, 128.0531005859375)
cornsilk:#fff8dc|(255, 248, 220)$(149.95272827148438, 137.597412109375, 126.354736328125)
crimson:#dc143c|(220, 20, 60)$(149.30117797851562, 136.91964721679688, 125.78965759277344)
cyan:#00ffff|(0, 255, 255)$(150.041748046875, 137.89370727539062, 126.20958709716797)
dark blue:#00008b|(0, 0, 139)$(150.23915100097656, 137.70822143554688, 126.34127807617188)
dark cyan:#008b8b|(0, 139, 139)$(150.30670166015625, 138.20623779296875, 126.67216491699219)
dark goldenrod:#b8860b|(184, 134, 11)$(149.67605590820312, 137.45095825195312, 125.91619873046875)
dark gray:#a9a9a9|(169, 169, 169)$(149.4102325439453, 137.01710510253906, 125.69082641601562)
dark green:#006400|(0, 100, 0)$(150.35479736328125, 138.01693725585938, 126.77606201171875)
dark grey:#a9a9a9|(169, 169, 169)$(151.21475219726562, 138.689697265625, 127.4302749633789)
dark khaki:#bdb76b|(189, 183, 107)$(151.24606323242188, 139.02584838867188, 127.48280334472656)
dark magenta:#8b008b|(139, 0, 139)$(151.07366943359375, 138.7626953125, 127.30968475341797)
dark olive green:#556b2f|(85, 107, 47)$(149.93380737304688, 137.6693115234375, 126.48371124267578)
dark orange:#ff8c00|(255, 140, 0)$(149.36090087890625, 137.29541015625, 125.7075424194336)
dark orchid:#9932cc|(153, 50, 204)$(148.80892944335938, 136.8785858154297, 125.55799102783203)
dark red:#8b0000|(139, 0, 0)$(149.30850219726562, 137.04653930664062, 125.8883285522461)
dark salmon:#e9967a|(233, 150, 122)$(150.4814453125, 137.7950439453125, 126.5247573852539)
dark sea green:#8fbc8f|(143, 188, 143)$(151.36669921875, 138.9659423828125, 127.65267944335938)
dark slate blue:#483d8b|(72, 61, 139)$(150.55377197265625, 138.001220703125, 126.7406234741211)
dark slate gray:#2f4f4f|(47, 79, 79)$(151.92022705078125, 139.34986877441406, 127.88963317871094)
dark turquoise:#00ced1|(0, 206, 209)$(150.36337280273438, 137.96328735351562, 126.7118148803711)
dark violet:#9400d3|(148, 0, 211)$(151.44314575195312, 138.65528869628906, 127.62055206298828)
deep pink:#ff1493|(255, 20, 147)$(152.68716430664062, 140.18099975585938, 128.64645385742188)
deep sky blue:#00bfff|(0, 191, 255)$(150.20257568359375, 137.8190460205078, 126.19735717773438)
dim gray:#696969|(105, 105, 105)$(150.9501953125, 138.54351806640625, 127.22351837158203)
dodgerblue:#1e90ff|(30, 144, 255)$(151.0638427734375, 138.3218231201172, 126.9054946899414)
firebrick:#b22222|(178, 34, 34)$(150.09182739257812, 138.00857543945312, 126.60514068603516)
floral white:#fffaf0|(255, 250, 240)$(150.8603515625, 138.66781616210938, 127.15408325195312)
forest green:#228b22|(34, 139, 34)$(149.4164276123047, 137.423828125, 126.05148315429688)
gainsboro:#dcdcdc|(220, 220, 220)$(150.24420166015625, 137.75442504882812, 126.1260986328125)
ghost white:#f8f8ff|(248, 248, 255)$(149.71597290039062, 137.4561767578125, 125.96763610839844)
gold:#ffd700|(255, 215, 0)$(150.07147216796875, 138.08534240722656, 126.73504638671875)
goldenrod:#daa520|(218, 165, 32)$(149.4886932373047, 137.29173278808594, 125.86767578125)
green yellow:#adff2f|(173, 255, 47)$(149.5697021484375, 137.41766357421875, 126.09798431396484)
honeydew:#f0fff0|(240, 255, 240)$(150.7737274169922, 138.42880249023438, 126.90086364746094)
hot pink:#ff69b4|(255, 105, 180)$(149.63897705078125, 137.32415771484375, 125.76951599121094)
indian red:#cd5c5c|(205, 92, 92)$(150.15606689453125, 137.73614501953125, 126.44677734375)
indigo:#4b0082|(75, 0, 130)$(150.02560424804688, 137.8297119140625, 126.37686920166016)
ivory:#fffff0|(255, 255, 240)$(149.98825073242188, 137.8330078125, 126.52479553222656)
khaki:#f0e68c|(240, 230, 140)$(149.09768676757812, 136.75392150878906, 125.43888854980469)
lavender:#e6e6fa|(230, 230, 250)$(149.0469970703125, 136.88169860839844, 125.50003051757812)
lavender blush:#fff0f5|(255, 240, 245)$(150.416748046875, 138.0302276611328, 126.58183288574219)
lawn green:#7cfc00|(124, 252, 0)$(150.47450256347656, 138.04074096679688, 126.55609893798828)
lemon chiffon:#fffacd|(255, 250, 205)$(148.04116821289062, 135.99839782714844, 124.76658630371094)
light blue:#add8e6|(173, 216, 230)$(151.48385620117188, 138.82635498046875, 127.41201782226562)
light coral:#f08080|(240, 128, 128)$(148.9555206298828, 136.45077514648438, 125.45685577392578)
light cyan:#e0ffff|(224, 255, 255)$(151.12612915039062, 138.6413116455078, 127.05903625488281)
light golden rod yellow:#fafad2|(250, 250, 210)$(150.30496215820312, 137.83767700195312, 126.70452880859375)
light pink:#ffb6c1|(255, 182, 193)$(149.84716796875, 137.81524658203125, 126.21136474609375)
light slate grey:#778899|(119, 136, 153)$(150.42689514160156, 138.02352905273438, 126.77426147460938)
lightsteelblue:#b0c4de|(176, 196, 222)$(149.25360107421875, 137.32681274414062, 125.8198471069336)
light yellow:#ffffe0|(255, 255, 224)$(150.93988037109375, 138.8203125, 127.47920989990234)
lime green:#32cd32|(50, 205, 50)$(150.89163208007812, 138.56797790527344, 127.09510040283203)
linen:#faf0e6|(250, 240, 230)$(148.64964294433594, 136.41656494140625, 125.46190643310547)
navajo white:#ffdead|(255, 222, 173)$(149.927001953125, 137.58090209960938, 126.2177505493164)
olive drab:#6b8e23|(107, 142, 35)$(149.53036499023438, 137.45904541015625, 126.02739715576172)
orange:#ffa500|(255, 165, 0)$(150.78436279296875, 138.19017028808594, 126.91561126708984)
orange red:#ff4500|(255, 69, 0)$(149.8990478515625, 137.6907196044922, 126.15562438964844)
pale golden rod:#eee8aa|(238, 232, 170)$(149.00926208496094, 136.82725524902344, 125.3203125)
pale green:#98fb98|(152, 251, 152)$(151.86215209960938, 139.14804077148438, 127.96574401855469)
pale turquoise:#afeeee|(175, 238, 238)$(150.98057556152344, 138.55014038085938, 127.13426208496094)
palevioletred:#db7093|(219, 112, 147)$(150.61428833007812, 138.3345184326172, 126.84872436523438)
papaya whip:#ffefd5|(255, 239, 213)$(150.51165771484375, 138.4438018798828, 126.91387939453125)
peach puff:#ffdab9|(255, 218, 185)$(151.30929565429688, 138.8610076904297, 127.58329772949219)
peru:#cd853f|(205, 133, 63)$(150.7741241455078, 138.5321044921875, 127.12694549560547)
royal blue:#4169e1|(65, 105, 225)$(149.74966430664062, 137.71688842773438, 126.49079132080078)
aassdd:#21251c|(33, 37, 28)$(151.66610717773438, 139.2764892578125, 127.94667053222656)
alizarin:#e32636|(227, 38, 54)$(151.55955505371094, 139.08448791503906, 127.75888061523438)
alora:#e5ac71|(229, 172, 113)$(149.9754638671875, 137.6729736328125, 126.44514465332031)
amaranth:#e52b50|(229, 43, 80)$(149.84396362304688, 137.69198608398438, 126.20930480957031)
amber:#ffbf00|(255, 191, 0)$(150.0980224609375, 137.95591735839844, 126.11691284179688)
amethyst:#9966cc|(153, 102, 204)$(150.3447265625, 137.81626892089844, 126.72320556640625)
apricot:#fbceb1|(251, 206, 177)$(149.53343200683594, 137.49359130859375, 125.83619689941406)
ariana grande:#c26227|(194, 98, 39)$(150.26210021972656, 137.85269165039062, 126.69779205322266)
asparagus:#7ba05b|(123, 160, 91)$(148.90536499023438, 136.73037719726562, 125.63433837890625)
auburn:#6d351a|(109, 53, 26)$(149.0741424560547, 137.3216552734375, 125.86332702636719)
avocado:#3d6003|(61, 96, 3)$(150.1278076171875, 137.84251403808594, 126.41082763671875)
badiflyee:#0e0e0e|(14, 14, 14)$(150.7693634033203, 138.73104858398438, 126.9937744140625)
bistre:#3d2b1f|(61, 43, 31)$(151.86160278320312, 139.2495880126953, 127.69927978515625)
blanc et bleu:#add8e6|(173, 216, 230)$(149.94003295898438, 137.7937469482422, 126.3971939086914)
blush:#f88885|(248, 136, 133)$(150.54605102539062, 138.3511199951172, 126.99867248535156)
blue green:#00dddd|(0, 221, 221)$(150.71836853027344, 138.11672973632812, 126.80460357666016)
blurple:#7289da|(114, 137, 218)$(150.8651123046875, 138.11932373046875, 127.20673370361328)
bondi blue:#0095b6|(0, 149, 182)$(150.9602508544922, 138.71408081054688, 127.01183319091797)
bomby:#90ee90|(144, 238, 144)$(148.70458984375, 136.5914764404297, 125.08772277832031)
brass:#b5a642|(181, 166, 66)$(151.6275177001953, 139.1389617919922, 127.19252014160156)
bronze:#cd7f32|(205, 127, 50)$(150.72898864746094, 138.28280639648438, 126.83712768554688)
buff:#f0dc82|(240, 220, 130)$(148.66781616210938, 136.63694763183594, 125.4489974975586)
burgundy:#900020|(144, 0, 32)$(149.88436889648438, 137.7264404296875, 126.48214721679688)
burnt orange:#cc5500|(204, 85, 0)$(150.54104614257812, 138.37692260742188, 126.76360321044922)
burnt sienna:#e97451|(233, 116, 81)$(149.8536376953125, 137.7366180419922, 126.25209045410156)
burnt umber:#8a3324|(138, 51, 36)$(148.04364013671875, 135.7508087158203, 124.73184967041016)
candy pink:#fe00b7|(254, 0, 183)$(149.37222290039062, 137.2714080810547, 125.82110595703125)
camouflage green:#78866b|(120, 134, 107)$(149.02752685546875, 137.12522888183594, 125.38131713867188)
caput mortuum:#592720|(89, 39, 32)$(150.82861328125, 138.51954650878906, 127.02471923828125)
cardinal:#c41e3a|(196, 30, 58)$(149.76461791992188, 137.72604370117188, 126.32716369628906)
carmine:#960018|(150, 0, 24)$(149.0108642578125, 136.8328857421875, 125.44799041748047)
carrot orange:#ed9121|(237, 145, 33)$(150.52487182617188, 138.3388671875, 126.7243423461914)
celadon:#ace1af|(172, 225, 175)$(148.89845275878906, 136.65731811523438, 125.55392456054688)
cerise:#de3163|(222, 49, 99)$(151.09994506835938, 138.57618713378906, 127.48971557617188)
cerulean:#007ba7|(0, 123, 167)$(149.0818634033203, 136.59786987304688, 125.78622436523438)
champagne:#f7e7ce|(247, 231, 206)$(149.39276123046875, 137.26443481445312, 125.57132720947266)
charcoal:#464646|(70, 70, 70)$(151.6813201904297, 139.09664916992188, 127.81272888183594)
cherry blossom pink:#ffb7c5|(255, 183, 197)$(150.37347412109375, 138.34222412109375, 126.60606384277344)
chestnut:#cd5c5c|(205, 92, 92)$(150.198974609375, 137.845703125, 126.537841796875)
cinnabar:#e34234|(227, 66, 52)$(151.16220092773438, 138.74569702148438, 127.11643981933594)
cinnamon:#d2691e|(210, 105, 30)$(151.3477783203125, 138.98916625976562, 127.3809585571289)
cobalt:#0047ab|(0, 71, 171)$(149.93682861328125, 137.76622009277344, 126.42001342773438)
copper:#b87333|(184, 115, 51)$(149.23719787597656, 136.88470458984375, 125.53480529785156)
corn:#fbec5d|(251, 236, 93)$(151.29916381835938, 138.83349609375, 127.3695068359375)
cornflower:#6495ed|(100, 149, 237)$(149.88055419921875, 137.54576110839844, 126.27144622802734)
cream:#fffdd0|(255, 253, 208)$(150.87857055664062, 138.26425170898438, 127.14131164550781)
damon:#efcae5|(239, 202, 229)$(150.36167907714844, 137.90284729003906, 126.25973510742188)
dandelion:#fed85d|(254, 216, 93)$(151.21710205078125, 139.30865478515625, 127.60887145996094)
dantrine:#cd0df6|(205, 13, 246)$(151.2359619140625, 138.8702392578125, 127.71989440917969)
dark moderate magenta:#9f55ac|(159, 85, 172)$(150.5618438720703, 138.49447631835938, 127.18074035644531)
dark moderate orange:#ae7250|(174, 114, 80)$(151.42539978027344, 138.8912811279297, 127.64398193359375)
denim:#1560bd|(21, 96, 189)$(150.81898498535156, 138.25050354003906, 126.94292449951172)
dog dick red:#c20704|(194, 7, 4)$(152.07339477539062, 139.38314819335938, 127.75727844238281)
dianne:#eb89f8|(235, 137, 248)$(151.27000427246094, 138.61883544921875, 127.34827423095703)
earnstead:#ffa500|(255, 165, 0)$(149.20545959472656, 137.1576690673828, 125.81326293945312)
eucalyptus flower:#add8e6|(173, 216, 230)$(149.49984741210938, 137.3480682373047, 125.99325561523438)
eclipse:#220f46|(34, 15, 70)$(149.95150756835938, 137.4451446533203, 125.93379211425781)
eleck:#c5c7c4|(197, 199, 196)$(150.67300415039062, 138.32044982910156, 126.8488540649414)
emberiea:#ff794d|(255, 121, 77)$(151.52523803710938, 138.9414825439453, 127.68815612792969)
emerald green:#50c878|(80, 200, 120)$(148.15203857421875, 136.0137939453125, 124.7334976196289)
eggplant purple:#614051|(97, 64, 81)$(150.76785278320312, 138.24288940429688, 127.28766632080078)
eucalyptus leaf:#218559|(33, 133, 89)$(150.7059783935547, 138.16342163085938, 127.12427520751953)
faloobang:#ff69b4|(255, 105, 180)$(150.91053771972656, 138.71153259277344, 127.32028198242188)
falu red:#801818|(128, 24, 24)$(149.25009155273438, 136.53744506835938, 125.6409683227539)
fern green:#4f7942|(79, 121, 66)$(150.17166137695312, 137.86907958984375, 126.69012451171875)
flax:#eedc82|(238, 220, 130)$(151.78936767578125, 139.45016479492188, 127.68618774414062)
french rose:#f64a8a|(246, 74, 138)$(149.8624725341797, 137.5767364501953, 126.26475524902344)
funionz:#4d2e1a|(77, 46, 26)$(151.8758087158203, 139.601318359375, 127.98393249511719)
fresh avacadoo:#ffd700|(255, 215, 0)$(150.80389404296875, 138.39559936523438, 127.01663970947266)
galexcias:#581845|(88, 24, 69)$(149.05203247070312, 136.99606323242188, 125.66015625)
gamboge:#e49b0f|(228, 155, 15)$(152.2738037109375, 139.6893768310547, 128.19679260253906)
golcli:#806c00|(128, 108, 0)$(149.998779296875, 137.98561096191406, 126.40998840332031)
green gem:#338709|(51, 135, 9)$(149.76634216308594, 137.28982543945312, 126.15505981445312)
grey:#808080|(128, 128, 128)$(151.32650756835938, 138.94239807128906, 127.505859375)
hazel:#a52a2a|(165, 42, 42)$(150.3504180908203, 138.3514404296875, 126.8426284790039)
han purple:#5218fa|(82, 24, 250)$(151.521484375, 139.13235473632812, 127.34565734863281)
harlequin:#3fff00|(63, 255, 0)$(149.9109344482422, 137.35232543945312, 126.09278869628906)
heaven:#b4b0ec|(180, 176, 236)$(151.09889221191406, 139.03114318847656, 127.45559692382812)
heliotrope:#df73ff|(223, 115, 255)$(150.40777587890625, 138.22921752929688, 126.66648864746094)
hollywood cerise:#f400a1|(244, 0, 161)$(149.3546142578125, 137.08595275878906, 126.17776489257812)
hegarty:#1aff1a|(26, 255, 26)$(150.7114715576172, 138.46517944335938, 127.26817321777344)
jade:#00a86b|(0, 168, 107)$(148.6444091796875, 136.31695556640625, 125.10607147216797)
jadeykins:#0d8a7b|(13, 138, 123)$(151.44659423828125, 139.24923706054688, 127.35725402832031)
jallion:#0000ff|(0, 0, 255)$(148.05331420898438, 135.98110961914062, 124.61841583251953)
jazzamoon:#e0d191|(224, 209, 145)$(150.08755493164062, 137.7548828125, 126.24394989013672)
jezzepy:#4b3c25|(75, 60, 37)$(149.46832275390625, 137.42437744140625, 125.8170166015625)
juniper:#64d91e|(100, 217, 30)$(149.69020080566406, 137.53326416015625, 126.09405517578125)
kyrin:#0000b3|(0, 0, 179)$(149.31687927246094, 136.8076629638672, 125.6622314453125)
lakipa:#def49f|(222, 244, 159)$(150.94546508789062, 138.51776123046875, 127.00059509277344)
lemon:#fde910|(253, 233, 16)$(149.74478149414062, 137.40176391601562, 126.12544250488281)
leoan:#9acd32|(154, 205, 50)$(149.0164337158203, 136.8751678466797, 125.56835174560547)
lithium yellow:#ffff79|(255, 255, 121)$(148.4156494140625, 136.34014892578125, 125.05130004882812)
light grayish violet:#d4c7d9|(212, 199, 217)$(151.11679077148438, 138.81549072265625, 127.19081115722656)
light grayish yellow:#f5f5dc|(245, 245, 220)$(150.41189575195312, 138.22752380371094, 126.43705749511719)
lilac:#c8a2c8|(200, 162, 200)$(150.763671875, 138.52706909179688, 127.18643951416016)
madeleine:#2fc6fe|(47, 198, 254)$(149.83143615722656, 137.34317016601562, 126.04324340820312)
magenta:#ff00ff|(255, 0, 255)$(149.37252807617188, 137.1903076171875, 125.75161743164062)
magnolia:#f8f4ff|(248, 244, 255)$(152.3084716796875, 139.87191772460938, 128.49851989746094)
mango yellow:#feb40f|(254, 180, 15)$(151.37313842773438, 138.67138671875, 127.36164855957031)
malachite:#0bda51|(11, 218, 81)$(148.8529815673828, 136.64190673828125, 125.52647399902344)
mariener:#022c42|(2, 44, 66)$(151.37957763671875, 138.8542938232422, 127.45362854003906)
matilda:#00008b|(0, 0, 139)$(150.05487060546875, 137.85342407226562, 126.45297241210938)
mauve:#e0b0ff|(224, 176, 255)$(150.23190307617188, 137.99798583984375, 126.41946411132812)
mermaid blue:#0cd1c0|(12, 209, 192)$(150.7135009765625, 137.98822021484375, 126.66463470458984)
midnight blue:#191970|(25, 25, 112)$(150.20428466796875, 138.1307373046875, 126.60029602050781)
mint green:#98ff98|(152, 255, 152)$(149.83486938476562, 137.54518127441406, 126.310302734375)
misty rose:#ffe4e1|(255, 228, 225)$(150.28634643554688, 138.03831481933594, 126.55247497558594)
mix thunder:#67b88d|(103, 184, 141)$(150.7208251953125, 138.18923950195312, 126.57838439941406)
moss green:#addfad|(173, 223, 173)$(151.43946838378906, 139.0777587890625, 127.521728515625)
mustard:#ffdb58|(255, 219, 88)$(151.09329223632812, 138.73333740234375, 127.4123306274414)
mostly desaturated dark orange:#855c4c|(133, 92, 76)$(149.35592651367188, 137.46104431152344, 125.87467193603516)
myrtle:#21421e|(33, 66, 30)$(150.6190948486328, 138.46194458007812, 126.74840545654297)
navy blue:#000080|(0, 0, 128)$(150.19342041015625, 138.20347595214844, 126.80702209472656)
neruple:#8500a3|(133, 0, 163)$(150.54171752929688, 137.93276977539062, 126.62789916992188)
nellow:#bd2c07|(189, 44, 7)$(150.01739501953125, 137.62034606933594, 126.40747833251953)
nevgan green:#29752a|(41, 117, 42)$(151.10047912597656, 138.48880004882812, 126.85289764404297)
ochre:#cc7722|(204, 119, 34)$(148.58724975585938, 136.3511962890625, 125.19192504882812)
office green:#008000|(0, 128, 0)$(150.25216674804688, 138.2344970703125, 126.56526947021484)
ogre:#622b2d|(98, 43, 45)$(150.23312377929688, 137.6566925048828, 126.35480499267578)
old rose:#c08081|(192, 128, 129)$(149.5341033935547, 137.46197509765625, 126.16313171386719)
olivine:#9ab973|(154, 185, 115)$(148.20501708984375, 136.2656707763672, 124.85617065429688)
orchid:#da70d6|(218, 112, 214)$(150.3251953125, 138.09963989257812, 126.74496459960938)
owo:#2f321e|(47, 50, 30)$(149.9519805908203, 137.56289672851562, 126.4925308227539)
paper:#c2b280|(194, 178, 128)$(151.36080932617188, 139.29318237304688, 127.76065826416016)
peach:#ffe5b4|(255, 229, 180)$(152.25439453125, 139.84686279296875, 128.16400146484375)
pear:#d1e231|(209, 226, 49)$(150.56460571289062, 138.03424072265625, 126.86272430419922)
periwinkle:#ccccff|(204, 204, 255)$(150.15023803710938, 137.89181518554688, 126.70938110351562)
perinto:#bfdae5|(191, 218, 229)$(151.48895263671875, 138.91476440429688, 127.33207702636719)
persimmon:#ec5800|(236, 88, 0)$(152.03025817871094, 139.89089965820312, 128.013916015625)
perfect puppy:#e2dccd|(226, 220, 205)$(149.79452514648438, 137.5487060546875, 126.25666809082031)
pine green:#01796f|(1, 121, 111)$(149.42578125, 137.2421875, 125.85235595703125)
piss yellow:#ffff00|(255, 255, 0)$(150.62686157226562, 138.4421844482422, 127.02291870117188)
platinum:#e5e4e2|(229, 228, 226)$(150.59263610839844, 138.2822265625, 126.86143493652344)
plum:#cc99cc|(204, 153, 204)$(148.81539916992188, 136.86859130859375, 125.60928344726562)
powder blue:#b0e0e6|(176, 224, 230)$(150.745849609375, 138.57012939453125, 127.0377197265625)
prizmarine:#128bda|(18, 139, 218)$(151.4149169921875, 138.96212768554688, 127.5223617553711)
princess pink:#fe31c2|(254, 49, 194)$(149.92953491210938, 137.611083984375, 126.08721160888672)
princess karii:#ffe6f3|(255, 230, 243)$(150.364013671875, 138.10015869140625, 126.6791763305664)
prototondio:#a7cd6a|(167, 205, 106)$(150.53128051757812, 138.23074340820312, 127.07261657714844)
puce:#cc8899|(204, 136, 153)$(150.28741455078125, 138.03451538085938, 126.53312683105469)
prussian blue:#003153|(0, 49, 83)$(151.19020080566406, 138.71527099609375, 127.52107238769531)
psychedelic purple:#dd00ff|(221, 0, 255)$(149.89938354492188, 137.45648193359375, 126.45081329345703)
pumpkin:#ff7518|(255, 117, 24)$(150.28253173828125, 137.68435668945312, 126.49340057373047)
pusheen gray:#cfb49b|(207, 180, 155)$(150.60183715820312, 138.13461303710938, 126.87108612060547)
quartile:#4cbb17|(76, 187, 23)$(149.9698944091797, 137.86436462402344, 126.50083923339844)
quartz grey:#6c6961|(108, 105, 97)$(150.79330444335938, 138.24774169921875, 127.04985046386719)
queen blue:#436b95|(67, 107, 149)$(148.54452514648438, 136.2157745361328, 125.20451354980469)
queen mintey:#3eb489|(62, 180, 137)$(149.99496459960938, 137.81365966796875, 126.33006286621094)
racing green:#095119|(9, 81, 25)$(151.78665161132812, 139.46868896484375, 127.96005249023438)
rabbit red:#fe0a00|(254, 10, 0)$(149.54623413085938, 137.65911865234375, 126.29379272460938)
raw umber:#734a12|(115, 74, 18)$(150.6641845703125, 138.07566833496094, 126.73814392089844)
razzmatazz:#e30b5c|(227, 11, 92)$(150.727783203125, 138.51962280273438, 126.88777160644531)
reddest red:#003aff|(0, 58, 255)$(150.41397094726562, 138.17318725585938, 126.5364761352539)
ripple:#453e31|(69, 62, 49)$(149.55502319335938, 137.34414672851562, 126.06126403808594)
rhys:#9d76d3|(157, 118, 211)$(149.56741333007812, 137.32431030273438, 125.59270477294922)
robin egg blue:#00cccc|(0, 204, 204)$(150.0558319091797, 137.55731201171875, 126.48188018798828)
rose:#ff007f|(255, 0, 127)$(149.5007781982422, 137.50701904296875, 125.99645233154297)
royal purple:#6b3fa0|(107, 63, 160)$(151.79075622558594, 139.39930725097656, 128.0101776123047)
ruby:#e0115f|(224, 17, 95)$(151.4351043701172, 139.0430908203125, 127.39164733886719)
ribuli:#9d2dfe|(157, 45, 254)$(152.387451171875, 139.8529052734375, 128.185546875)
russet:#80461b|(128, 70, 27)$(147.8665771484375, 135.3904571533203, 124.34001159667969)
rust:#b7410e|(183, 65, 14)$(151.61456298828125, 138.93682861328125, 127.76344299316406)
safety orange:#ff6600|(255, 102, 0)$(149.5069122314453, 137.16122436523438, 125.9632339477539)
saffron:#f4c430|(244, 196, 48)$(151.01792907714844, 138.5430908203125, 127.02745056152344)
salmon:#ff8c69|(255, 140, 105)$(149.26629638671875, 136.8295135498047, 125.49874877929688)
salfate:#e0d046|(224, 208, 70)$(151.3684844970703, 139.01190185546875, 127.47222900390625)
sandy brown:#f4a460|(244, 164, 96)$(151.3016815185547, 138.83175659179688, 127.47589111328125)
sangria:#92000a|(146, 0, 10)$(150.21234130859375, 137.49896240234375, 126.28600311279297)
sap:#5ccf70|(92, 207, 112)$(150.13694763183594, 137.8662109375, 126.3847427368164)
sage:#8fbc8b|(143, 188, 139)$(151.9254150390625, 139.54269409179688, 127.98957824707031)
sapphire:#082567|(8, 37, 103)$(150.69320678710938, 138.131591796875, 127.05549621582031)
savanneh:#00ff00|(0, 255, 0)$(150.09823608398438, 137.75314331054688, 126.45291137695312)
scarlet:#ff2400|(255, 36, 0)$(150.7716064453125, 138.4403076171875, 127.16484069824219)
school bus yellow:#ffd800|(255, 216, 0)$(151.2908477783203, 138.8312225341797, 127.26107025146484)
sea green:#2e8b57|(46, 139, 87)$(151.95437622070312, 139.57763671875, 127.93832397460938)
seashell:#fff5ee|(255, 245, 238)$(151.18771362304688, 138.90933227539062, 127.46583557128906)
sea teal:#00ffad|(0, 255, 173)$(151.33135986328125, 139.28782653808594, 127.68473815917969)
sentaicar:#00c624|(0, 198, 36)$(150.915771484375, 138.79722595214844, 127.05797576904297)
sepia:#704214|(112, 66, 20)$(150.44747924804688, 138.21253967285156, 126.81166076660156)
shamrock green:#009e60|(0, 158, 96)$(149.2566375732422, 136.573486328125, 125.49896240234375)
shit green:#c9c5b9|(201, 197, 185)$(151.59371948242188, 139.03713989257812, 127.58401489257812)
shocking pink:#fc0fc0|(252, 15, 192)$(150.39772033691406, 138.10586547851562, 126.72463989257812)
sky blue:#87ceeb|(135, 206, 235)$(147.93667602539062, 135.89834594726562, 124.62315368652344)
skyest blue:#2de5ff|(45, 229, 255)$(148.29925537109375, 136.0377960205078, 124.89199829101562)
slate grey:#708090|(112, 128, 144)$(151.4881591796875, 138.86532592773438, 127.48466491699219)
silky white:#5d7bb8|(93, 123, 184)$(149.85015869140625, 137.22634887695312, 126.30406951904297)
smalt:#003399|(0, 51, 153)$(149.62179565429688, 137.3260498046875, 126.03185272216797)
sophi:#3a2c3a|(58, 44, 58)$(150.91249084472656, 138.5928497314453, 126.83221435546875)
soft green:#96fe4d|(150, 254, 77)$(151.06072998046875, 138.56695556640625, 127.21041870117188)
soft red:#df7253|(223, 114, 83)$(149.99839782714844, 137.69747924804688, 126.31517028808594)
soft magenta:#ee82ee|(238, 130, 238)$(150.18336486816406, 138.03070068359375, 126.68135070800781)
spring bud:#a7fc00|(167, 252, 0)$(150.72084045410156, 138.52415466308594, 126.81034851074219)
spring green:#00ff7f|(0, 255, 127)$(151.7785186767578, 139.20440673828125, 127.70915985107422)
steel blue:#4682b4|(70, 130, 180)$(150.28567504882812, 137.76148986816406, 126.45709991455078)
tan:#d2b48c|(210, 180, 140)$(149.64239501953125, 137.38775634765625, 126.21531677246094)
tangerine:#f28500|(242, 133, 0)$(150.95953369140625, 138.51962280273438, 127.01144409179688)
taupe:#483c32|(72, 60, 50)$(149.0325469970703, 136.69361877441406, 125.65296936035156)
tenné (tawny):#cd5700|(205, 87, 0)$(151.99822998046875, 139.41172790527344, 128.02789306640625)
terra cotta:#e2725b|(226, 114, 91)$(150.97999572753906, 138.56063842773438, 126.98466491699219)
teszopiggyt:#ffe6fe|(255, 230, 254)$(150.73260498046875, 138.16525268554688, 126.7134780883789)
thistle:#d8bfd8|(216, 191, 216)$(150.87698364257812, 138.37435913085938, 127.03666687011719)
titanium white:#ffffff|(255, 255, 255)$(150.40521240234375, 138.34860229492188, 126.82015991210938)
tomato:#ff6347|(255, 99, 71)$(150.5076141357422, 138.0284423828125, 126.62367248535156)
tokeo:#1d6655|(29, 102, 85)$(148.79693603515625, 136.65391540527344, 125.52024841308594)
tremaine:#e12d41|(225, 45, 65)$(150.933349609375, 138.511474609375, 127.05291748046875)
turquoise:#30d5c8|(48, 213, 200)$(150.32354736328125, 137.650146484375, 126.54856872558594)
tyrian purple:#66023c|(102, 2, 60)$(150.12814331054688, 137.65187072753906, 126.6663589477539)
ultramarine:#120a8f|(18, 10, 143)$(150.277587890625, 137.8054962158203, 126.47508239746094)
ultra violet:#4b019c|(75, 1, 156)$(150.70132446289062, 138.31283569335938, 126.80250549316406)
van dyke brown:#413000|(65, 48, 0)$(151.46112060546875, 139.13174438476562, 127.66152954101562)
vermilion:#e34234|(227, 66, 52)$(150.66732788085938, 138.37252807617188, 127.02169036865234)
very light cyan:#8bfcff|(139, 252, 255)$(149.17465209960938, 137.12924194335938, 125.64620971679688)
very pale blue:#f0f8ff|(240, 248, 255)$(151.1360321044922, 138.87660217285156, 127.30133819580078)
vev:#35764a|(53, 118, 74)$(149.67791748046875, 136.99249267578125, 125.94544219970703)
violet:#8b00ff|(139, 0, 255)$(150.33502197265625, 138.2996826171875, 126.81272888183594)
vivid red:#ff2052|(255, 32, 82)$(149.85247802734375, 137.53921508789062, 126.33819580078125)
wheat:#f5deb3|(245, 222, 179)$(149.79183959960938, 137.63967895507812, 125.93063354492188)
wisteria:#c9a0dc|(201, 160, 220)$(149.17483520507812, 136.95596313476562, 125.7571792602539)
xanthic:#eeed09|(238, 237, 9)$(151.09970092773438, 138.68353271484375, 127.13704681396484)
xanadu:#738678|(115, 134, 120)$(150.07449340820312, 138.14520263671875, 126.6553955078125)
xxxtentacion:#a3a2a1|(163, 162, 161)$(149.77468872070312, 137.14093017578125, 126.07879638671875)
xylophone:#ffb6c1|(255, 182, 193)$(149.50372314453125, 137.41253662109375, 125.9122543334961)
yapan:#a97164|(169, 113, 100)$(149.5460205078125, 137.4407196044922, 126.03155517578125)
zenchua:#d23c77|(210, 60, 119)$(150.4973907470703, 138.1800994873047, 126.82952117919922)
zokine:#43523c|(67, 82, 60)$(150.84762573242188, 138.43017578125, 126.94122314453125)
zoboba:#bc8a52|(188, 138, 82)$(148.67684936523438, 136.41162109375, 125.2610092163086)
zomp:#39a78e|(57, 167, 142)$(150.84539794921875, 138.15451049804688, 126.87374114990234)
zunza:#bfd1bc|(191, 209, 188)$(150.44842529296875, 138.32333374023438, 126.96764373779297)
zunisha:#899ba9|(137, 155, 169)$(150.10821533203125, 137.90219116210938, 126.5340576171875)
zutem:#d4aa25|(212, 170, 37)$(151.26467895507812, 138.80210876464844, 127.50601196289062)
zucchini:#506022|(80, 96, 34)$(147.62411499023438, 135.565673828125, 124.50983428955078)
