apple:(134.0, 144.0, 167.0)
grape:(83.0, 82.0, 81.0)
strawberry:(68.0, 80.0, 62.0)
blueberry:(133.0, 125.0, 136.0)
mango:(169.0, 175.0, 178.0)
banana:(90.0, 121.0, 114.0)
watermelon:(0.0, 0.0, 0.0)
lemon:(44.0, 37.0, 7.0)
lime:(154.0, 126.0, 157.0)
peach:(99.0, 129.0, 125.0)
blue-planet:(36.0, 58.0, 39.0)
1:(80.0, 100.0, 86.0)
2:(185.0, 186.0, 191.0)
A:(123.0, 165.0, 122.0)
Z:(16.0, 28.0, 30.0)
dramatic:(116.0, 106.0, 119.0)
methematical:(60.0, 78.0, 67.0)
elegant:(199.0, 187.0, 201.0)
noble:(59.0, 66.0, 57.0)
0range:(27.0, 37.0, 63.0)
b1ue:(207.0, 187.0, 198.0)
catastrophic:(176.0, 177.0, 186.0)
hopeless:(255.0, 255.0, 255.0)
blooming:(105.0, 107.0, 112.0)
BigBang:(52.0, 31.0, 47.0)
