green:(0, 128, 0)|(0.0, 0.0, 0.0)
yellow:(255, 255, 0)|(0.0, 0.0, 128.0)
red:(255, 0, 0)|(0.0, 0.0, 0.0)
blue:(0, 0, 255)|(0.0, 0.0, 128.0)
white:(255, 255, 255)|(0.0, 0.0, 128.0)
pink:(255, 192, 203)|(0.0, 0.0, 0.0)
brown:(165, 42, 42)|(0.0, 0.0, 255.0)
black:(0, 0, 0)|(0.0, 0.0, 255.0)
silver:(192, 192, 192)|(0.0, 0.0, 255.0)
maroon:(128, 0, 0)|(0.0, 0.0, 255.0)
purple:(128, 0, 128)|(0.0, 0.0, 255.0)
gray:(128, 128, 128)|(0.0, 0.0, 128.0)
fuchsia:(255, 0, 255)|(0.0, 0.0, 128.0)
lime:(0, 255, 0)|(0.0, 0.0, 255.0)
olive:(128, 128, 0)|(0.0, 0.0, 128.0)
navy:(0, 0, 128)|(0.0, 0.0, 255.0)
teal:(0, 128, 128)|(0.0, 0.0, 128.0)
aqua:(0, 255, 255)|(0.0, 0.0, 255.0)
alice blue:(240, 248, 255)|(0.0, 0.0, 255.0)
antique white:(250, 235, 215)|(0.0, 0.0, 128.0)
aquamarine:(127, 255, 212)|(0.0, 0.0, 0.0)
azure:(240, 255, 255)|(0.0, 0.0, 0.0)
beige:(245, 245, 220)|(0.0, 0.0, 0.0)
bisque:(255, 228, 196)|(0.0, 0.0, 255.0)
blue violet:(138, 43, 226)|(0.0, 0.0, 255.0)
blanched almond:(255, 235, 205)|(0.0, 0.0, 255.0)
burlywood:(222, 184, 135)|(0.0, 0.0, 128.0)
cadet blue:(95, 158, 160)|(0.0, 0.0, 255.0)
chartreuse:(127, 255, 0)|(0.0, 0.0, 0.0)
chocolate:(210, 105, 30)|(0.0, 0.0, 255.0)
coral:(255, 127, 80)|(0.0, 0.0, 0.0)
cornflower blue:(100, 149, 237)|(0.0, 0.0, 0.0)
cornsilk:(255, 248, 220)|(0.0, 0.0, 128.0)
crimson:(220, 20, 60)|(0.0, 0.0, 0.0)
cyan:(0, 255, 255)|(0.0, 0.0, 255.0)
dark blue:(0, 0, 139)|(0.0, 0.0, 255.0)
dark cyan:(0, 139, 139)|(0.0, 0.0, 0.0)
dark goldenrod:(184, 134, 11)|(0.0, 0.0, 0.0)
dark gray:(169, 169, 169)|(0.0, 0.0, 128.0)
dark green:(0, 100, 0)|(0.0, 0.0, 0.0)
dark grey:(169, 169, 169)|(0.0, 0.0, 0.0)
dark khaki:(189, 183, 107)|(0.0, 0.0, 0.0)
dark magenta:(139, 0, 139)|(0.0, 0.0, 0.0)
dark olive green:(85, 107, 47)|(0.0, 0.0, 255.0)
dark orange:(255, 140, 0)|(0.0, 0.0, 255.0)
dark orchid:(153, 50, 204)|(0.0, 0.0, 0.0)
dark red:(139, 0, 0)|(0.0, 0.0, 255.0)
dark salmon:(233, 150, 122)|(0.0, 0.0, 255.0)
dark sea green:(143, 188, 143)|(0.0, 0.0, 0.0)
dark slate blue:(72, 61, 139)|(0.0, 0.0, 0.0)
dark slate gray:(47, 79, 79)|(0.0, 0.0, 128.0)
dark turquoise:(0, 206, 209)|(0.0, 0.0, 255.0)
dark violet:(148, 0, 211)|(0.0, 0.0, 0.0)
deep pink:(255, 20, 147)|(0.0, 0.0, 255.0)
deep sky blue:(0, 191, 255)|(0.0, 0.0, 255.0)
dim gray:(105, 105, 105)|(0.0, 0.0, 255.0)
dodgerblue:(30, 144, 255)|(0.0, 0.0, 255.0)
firebrick:(178, 34, 34)|(0.0, 0.0, 255.0)
floral white:(255, 250, 240)|(0.0, 0.0, 0.0)
forest green:(34, 139, 34)|(0.0, 0.0, 0.0)
gainsboro:(220, 220, 220)|(0.0, 0.0, 255.0)
ghost white:(248, 248, 255)|(0.0, 0.0, 0.0)
gold:(255, 215, 0)|(0.0, 0.0, 0.0)
goldenrod:(218, 165, 32)|(255.0, 0.0, 0.0)
green yellow:(173, 255, 47)|(0.0, 0.0, 255.0)
honeydew:(240, 255, 240)|(0.0, 0.0, 128.0)
hot pink:(255, 105, 180)|(0.0, 0.0, 255.0)
indian red:(205, 92, 92)|(0.0, 0.0, 255.0)
indigo:(75, 0, 130)|(0.0, 0.0, 0.0)
ivory:(255, 255, 240)|(0.0, 0.0, 128.0)
khaki:(240, 230, 140)|(0.0, 0.0, 255.0)
lavender:(230, 230, 250)|(0.0, 0.0, 255.0)
lavender blush:(255, 240, 245)|(0.0, 0.0, 128.0)
lawn green:(124, 252, 0)|(0.0, 0.0, 255.0)
lemon chiffon:(255, 250, 205)|(0.0, 0.0, 0.0)
light blue:(173, 216, 230)|(0.0, 0.0, 0.0)
light coral:(240, 128, 128)|(0.0, 0.0, 0.0)
light cyan:(224, 255, 255)|(0.0, 0.0, 0.0)
light golden rod yellow:(250, 250, 210)|(0.0, 0.0, 0.0)
light pink:(255, 182, 193)|(0.0, 0.0, 0.0)
light slate grey:(119, 136, 153)|(0.0, 0.0, 255.0)
lightsteelblue:(176, 196, 222)|(0.0, 0.0, 255.0)
light yellow:(255, 255, 224)|(0.0, 0.0, 255.0)
lime green:(50, 205, 50)|(0.0, 0.0, 255.0)
linen:(250, 240, 230)|(0.0, 0.0, 128.0)
navajo white:(255, 222, 173)|(0.0, 0.0, 0.0)
olive drab:(107, 142, 35)|(0.0, 0.0, 0.0)
orange:(255, 165, 0)|(0.0, 0.0, 128.0)
orange red:(255, 69, 0)|(0.0, 0.0, 255.0)
pale golden rod:(238, 232, 170)|(0.0, 0.0, 128.0)
pale green:(152, 251, 152)|(0.0, 0.0, 0.0)
pale turquoise:(175, 238, 238)|(0.0, 0.0, 0.0)
palevioletred:(219, 112, 147)|(0.0, 0.0, 255.0)
papaya whip:(255, 239, 213)|(0.0, 0.0, 255.0)
peach puff:(255, 218, 185)|(0.0, 0.0, 255.0)
peru:(205, 133, 63)|(0.0, 0.0, 0.0)
royal blue:(65, 105, 225)|(0.0, 0.0, 255.0)
aassdd:(33, 37, 28)|(0.0, 0.0, 0.0)
alizarin:(227, 38, 54)|(0.0, 0.0, 128.0)
alora:(229, 172, 113)|(0.0, 0.0, 255.0)
amaranth:(229, 43, 80)|(0.0, 0.0, 0.0)
amber:(255, 191, 0)|(0.0, 0.0, 255.0)
amethyst:(153, 102, 204)|(0.0, 0.0, 128.0)
apricot:(251, 206, 177)|(0.0, 0.0, 128.0)
ariana grande:(194, 98, 39)|(0.0, 0.0, 0.0)
asparagus:(123, 160, 91)|(0.0, 0.0, 255.0)
auburn:(109, 53, 26)|(0.0, 0.0, 128.0)
avocado:(61, 96, 3)|(0.0, 0.0, 0.0)
badiflyee:(14, 14, 14)|(0.0, 0.0, 128.0)
bistre:(61, 43, 31)|(0.0, 0.0, 0.0)
blanc et bleu:(173, 216, 230)|(0.0, 0.0, 0.0)
blush:(248, 136, 133)|(0.0, 0.0, 0.0)
blue green:(0, 221, 221)|(0.0, 0.0, 0.0)
blurple:(114, 137, 218)|(0.0, 0.0, 0.0)
bondi blue:(0, 149, 182)|(0.0, 0.0, 0.0)
bomby:(144, 238, 144)|(0.0, 0.0, 128.0)
brass:(181, 166, 66)|(0.0, 0.0, 0.0)
bronze:(205, 127, 50)|(0.0, 0.0, 128.0)
buff:(240, 220, 130)|(0.0, 0.0, 128.0)
burgundy:(144, 0, 32)|(0.0, 0.0, 0.0)
burnt orange:(204, 85, 0)|(0.0, 0.0, 255.0)
burnt sienna:(233, 116, 81)|(0.0, 0.0, 0.0)
burnt umber:(138, 51, 36)|(0.0, 0.0, 255.0)
candy pink:(254, 0, 183)|(255.0, 0.0, 0.0)
camouflage green:(120, 134, 107)|(0.0, 0.0, 0.0)
caput mortuum:(89, 39, 32)|(0.0, 0.0, 255.0)
cardinal:(196, 30, 58)|(0.0, 0.0, 0.0)
carmine:(150, 0, 24)|(0.0, 0.0, 0.0)
carrot orange:(237, 145, 33)|(0.0, 0.0, 0.0)
celadon:(172, 225, 175)|(0.0, 0.0, 128.0)
cerise:(222, 49, 99)|(0.0, 0.0, 0.0)
cerulean:(0, 123, 167)|(0.0, 0.0, 255.0)
champagne:(247, 231, 206)|(0.0, 0.0, 0.0)
charcoal:(70, 70, 70)|(0.0, 0.0, 255.0)
cherry blossom pink:(255, 183, 197)|(0.0, 0.0, 255.0)
chestnut:(205, 92, 92)|(0.0, 0.0, 128.0)
cinnabar:(227, 66, 52)|(0.0, 0.0, 0.0)
cinnamon:(210, 105, 30)|(0.0, 0.0, 128.0)
cobalt:(0, 71, 171)|(0.0, 0.0, 0.0)
copper:(184, 115, 51)|(0.0, 0.0, 0.0)
corn:(251, 236, 93)|(0.0, 0.0, 0.0)
cornflower:(100, 149, 237)|(0.0, 0.0, 0.0)
cream:(255, 253, 208)|(0.0, 0.0, 255.0)
damon:(239, 202, 229)|(0.0, 0.0, 128.0)
dandelion:(254, 216, 93)|(0.0, 0.0, 0.0)
dantrine:(205, 13, 246)|(0.0, 0.0, 0.0)
dark moderate magenta:(159, 85, 172)|(0.0, 0.0, 255.0)
dark moderate orange:(174, 114, 80)|(0.0, 0.0, 0.0)
denim:(21, 96, 189)|(0.0, 0.0, 0.0)
dog dick red:(194, 7, 4)|(0.0, 0.0, 0.0)
dianne:(235, 137, 248)|(0.0, 0.0, 0.0)
earnstead:(255, 165, 0)|(0.0, 0.0, 128.0)
eucalyptus flower:(173, 216, 230)|(0.0, 0.0, 255.0)
eclipse:(34, 15, 70)|(0.0, 0.0, 0.0)
eleck:(197, 199, 196)|(0.0, 0.0, 128.0)
emberiea:(255, 121, 77)|(0.0, 0.0, 128.0)
emerald green:(80, 200, 120)|(0.0, 0.0, 0.0)
eggplant purple:(97, 64, 81)|(0.0, 0.0, 128.0)
eucalyptus leaf:(33, 133, 89)|(0.0, 0.0, 255.0)
faloobang:(255, 105, 180)|(0.0, 0.0, 255.0)
falu red:(128, 24, 24)|(0.0, 0.0, 0.0)
fern green:(79, 121, 66)|(0.0, 0.0, 0.0)
flax:(238, 220, 130)|(0.0, 0.0, 128.0)
french rose:(246, 74, 138)|(0.0, 0.0, 128.0)
funionz:(77, 46, 26)|(0.0, 0.0, 128.0)
fresh avacadoo:(255, 215, 0)|(0.0, 0.0, 128.0)
galexcias:(88, 24, 69)|(0.0, 0.0, 255.0)
gamboge:(228, 155, 15)|(0.0, 0.0, 255.0)
golcli:(128, 108, 0)|(0.0, 0.0, 128.0)
green gem:(51, 135, 9)|(0.0, 0.0, 0.0)
grey:(128, 128, 128)|(0.0, 0.0, 255.0)
hazel:(165, 42, 42)|(0.0, 0.0, 255.0)
han purple:(82, 24, 250)|(0.0, 0.0, 128.0)
harlequin:(63, 255, 0)|(0.0, 0.0, 0.0)
heaven:(180, 176, 236)|(0.0, 0.0, 0.0)
heliotrope:(223, 115, 255)|(0.0, 0.0, 0.0)
hollywood cerise:(244, 0, 161)|(0.0, 0.0, 255.0)
hegarty:(26, 255, 26)|(0.0, 0.0, 255.0)
jade:(0, 168, 107)|(0.0, 0.0, 128.0)
jadeykins:(13, 138, 123)|(0.0, 0.0, 255.0)
jallion:(0, 0, 255)|(0.0, 0.0, 255.0)
jazzamoon:(224, 209, 145)|(0.0, 0.0, 255.0)
jezzepy:(75, 60, 37)|(0.0, 0.0, 128.0)
juniper:(100, 217, 30)|(0.0, 0.0, 255.0)
kyrin:(0, 0, 179)|(0.0, 0.0, 0.0)
lakipa:(222, 244, 159)|(0.0, 0.0, 255.0)
lemon:(253, 233, 16)|(0.0, 0.0, 0.0)
leoan:(154, 205, 50)|(0.0, 0.0, 0.0)
lithium yellow:(255, 255, 121)|(0.0, 0.0, 0.0)
light grayish violet:(212, 199, 217)|(0.0, 0.0, 128.0)
light grayish yellow:(245, 245, 220)|(0.0, 0.0, 0.0)
lilac:(200, 162, 200)|(0.0, 0.0, 255.0)
madeleine:(47, 198, 254)|(0.0, 0.0, 255.0)
magenta:(255, 0, 255)|(0.0, 0.0, 255.0)
magnolia:(248, 244, 255)|(0.0, 0.0, 0.0)
mango yellow:(254, 180, 15)|(0.0, 0.0, 128.0)
malachite:(11, 218, 81)|(0.0, 0.0, 128.0)
mariener:(2, 44, 66)|(0.0, 0.0, 0.0)
matilda:(0, 0, 139)|(0.0, 0.0, 255.0)
mauve:(224, 176, 255)|(0.0, 0.0, 0.0)
mermaid blue:(12, 209, 192)|(0.0, 0.0, 128.0)
midnight blue:(25, 25, 112)|(0.0, 0.0, 128.0)
mint green:(152, 255, 152)|(0.0, 0.0, 255.0)
misty rose:(255, 228, 225)|(0.0, 0.0, 255.0)
mix thunder:(103, 184, 141)|(0.0, 0.0, 0.0)
moss green:(173, 223, 173)|(0.0, 0.0, 128.0)
mustard:(255, 219, 88)|(0.0, 0.0, 128.0)
mostly desaturated dark orange:(133, 92, 76)|(0.0, 0.0, 0.0)
myrtle:(33, 66, 30)|(0.0, 0.0, 255.0)
navy blue:(0, 0, 128)|(0.0, 0.0, 0.0)
neruple:(133, 0, 163)|(0.0, 0.0, 0.0)
nellow:(189, 44, 7)|(0.0, 0.0, 255.0)
nevgan green:(41, 117, 42)|(0.0, 0.0, 128.0)
ochre:(204, 119, 34)|(0.0, 0.0, 255.0)
office green:(0, 128, 0)|(0.0, 0.0, 255.0)
ogre:(98, 43, 45)|(0.0, 0.0, 0.0)
old rose:(192, 128, 129)|(0.0, 0.0, 255.0)
olivine:(154, 185, 115)|(0.0, 0.0, 0.0)
orchid:(218, 112, 214)|(0.0, 0.0, 0.0)
owo:(47, 50, 30)|(0.0, 0.0, 128.0)
paper:(194, 178, 128)|(0.0, 0.0, 128.0)
peach:(255, 229, 180)|(0.0, 0.0, 255.0)
pear:(209, 226, 49)|(0.0, 0.0, 0.0)
periwinkle:(204, 204, 255)|(0.0, 0.0, 0.0)
perinto:(191, 218, 229)|(0.0, 0.0, 0.0)
persimmon:(236, 88, 0)|(0.0, 0.0, 128.0)
perfect puppy:(226, 220, 205)|(0.0, 0.0, 255.0)
pine green:(1, 121, 111)|(0.0, 0.0, 0.0)
piss yellow:(255, 255, 0)|(0.0, 0.0, 255.0)
platinum:(229, 228, 226)|(0.0, 0.0, 255.0)
plum:(204, 153, 204)|(0.0, 0.0, 0.0)
powder blue:(176, 224, 230)|(0.0, 0.0, 128.0)
prizmarine:(18, 139, 218)|(0.0, 0.0, 0.0)
princess pink:(254, 49, 194)|(0.0, 0.0, 255.0)
princess karii:(255, 230, 243)|(0.0, 0.0, 255.0)
prototondio:(167, 205, 106)|(0.0, 0.0, 0.0)
puce:(204, 136, 153)|(0.0, 0.0, 255.0)
prussian blue:(0, 49, 83)|(0.0, 0.0, 0.0)
psychedelic purple:(221, 0, 255)|(0.0, 0.0, 255.0)
pumpkin:(255, 117, 24)|(0.0, 0.0, 255.0)
pusheen gray:(207, 180, 155)|(0.0, 0.0, 128.0)
quartile:(76, 187, 23)|(0.0, 0.0, 128.0)
quartz grey:(108, 105, 97)|(0.0, 0.0, 255.0)
queen blue:(67, 107, 149)|(0.0, 0.0, 255.0)
queen mintey:(62, 180, 137)|(0.0, 0.0, 255.0)
racing green:(9, 81, 25)|(0.0, 0.0, 0.0)
rabbit red:(254, 10, 0)|(0.0, 0.0, 0.0)
raw umber:(115, 74, 18)|(0.0, 0.0, 128.0)
razzmatazz:(227, 11, 92)|(0.0, 0.0, 128.0)
reddest red:(0, 58, 255)|(0.0, 0.0, 255.0)
ripple:(69, 62, 49)|(0.0, 0.0, 128.0)
rhys:(157, 118, 211)|(0.0, 0.0, 0.0)
robin egg blue:(0, 204, 204)|(0.0, 0.0, 255.0)
rose:(255, 0, 127)|(0.0, 0.0, 128.0)
royal purple:(107, 63, 160)|(0.0, 0.0, 0.0)
ruby:(224, 17, 95)|(0.0, 0.0, 0.0)
ribuli:(157, 45, 254)|(0.0, 0.0, 255.0)
russet:(128, 70, 27)|(0.0, 0.0, 128.0)
rust:(183, 65, 14)|(0.0, 0.0, 0.0)
safety orange:(255, 102, 0)|(0.0, 0.0, 0.0)
saffron:(244, 196, 48)|(0.0, 0.0, 128.0)
salmon:(255, 140, 105)|(0.0, 0.0, 255.0)
salfate:(224, 208, 70)|(0.0, 0.0, 0.0)
sandy brown:(244, 164, 96)|(0.0, 0.0, 0.0)
sangria:(146, 0, 10)|(0.0, 0.0, 255.0)
sap:(92, 207, 112)|(0.0, 0.0, 255.0)
sage:(143, 188, 139)|(0.0, 0.0, 128.0)
sapphire:(8, 37, 103)|(0.0, 0.0, 128.0)
savanneh:(0, 255, 0)|(0.0, 0.0, 0.0)
scarlet:(255, 36, 0)|(0.0, 0.0, 0.0)
school bus yellow:(255, 216, 0)|(0.0, 0.0, 128.0)
sea green:(46, 139, 87)|(0.0, 0.0, 128.0)
seashell:(255, 245, 238)|(0.0, 0.0, 255.0)
sea teal:(0, 255, 173)|(0.0, 0.0, 0.0)
sentaicar:(0, 198, 36)|(0.0, 0.0, 128.0)
sepia:(112, 66, 20)|(0.0, 0.0, 128.0)
shamrock green:(0, 158, 96)|(0.0, 0.0, 0.0)
shit green:(201, 197, 185)|(0.0, 0.0, 255.0)
shocking pink:(252, 15, 192)|(0.0, 0.0, 128.0)
sky blue:(135, 206, 235)|(0.0, 0.0, 0.0)
skyest blue:(45, 229, 255)|(0.0, 0.0, 255.0)
slate grey:(112, 128, 144)|(0.0, 0.0, 255.0)
silky white:(93, 123, 184)|(0.0, 0.0, 255.0)
smalt:(0, 51, 153)|(0.0, 0.0, 0.0)
sophi:(58, 44, 58)|(0.0, 0.0, 128.0)
soft green:(150, 254, 77)|(0.0, 0.0, 255.0)
soft red:(223, 114, 83)|(0.0, 0.0, 255.0)
soft magenta:(238, 130, 238)|(0.0, 0.0, 0.0)
spring bud:(167, 252, 0)|(0.0, 0.0, 0.0)
spring green:(0, 255, 127)|(0.0, 0.0, 0.0)
steel blue:(70, 130, 180)|(0.0, 0.0, 255.0)
tan:(210, 180, 140)|(0.0, 0.0, 0.0)
tangerine:(242, 133, 0)|(0.0, 0.0, 255.0)
taupe:(72, 60, 50)|(0.0, 0.0, 255.0)
tenné (tawny):(205, 87, 0)|(0.0, 0.0, 0.0)
terra cotta:(226, 114, 91)|(0.0, 0.0, 128.0)
teszopiggyt:(255, 230, 254)|(0.0, 0.0, 128.0)
thistle:(216, 191, 216)|(0.0, 0.0, 255.0)
titanium white:(255, 255, 255)|(0.0, 0.0, 255.0)
tomato:(255, 99, 71)|(0.0, 0.0, 128.0)
tokeo:(29, 102, 85)|(0.0, 0.0, 255.0)
tremaine:(225, 45, 65)|(0.0, 0.0, 128.0)
turquoise:(48, 213, 200)|(0.0, 0.0, 0.0)
tyrian purple:(102, 2, 60)|(0.0, 0.0, 0.0)
ultramarine:(18, 10, 143)|(0.0, 0.0, 128.0)
ultra violet:(75, 1, 156)|(0.0, 0.0, 0.0)
van dyke brown:(65, 48, 0)|(0.0, 0.0, 0.0)
vermilion:(227, 66, 52)|(0.0, 0.0, 0.0)
very light cyan:(139, 252, 255)|(255.0, 0.0, 0.0)
very pale blue:(240, 248, 255)|(0.0, 0.0, 0.0)
vev:(53, 118, 74)|(0.0, 0.0, 255.0)
violet:(139, 0, 255)|(0.0, 0.0, 0.0)
vivid red:(255, 32, 82)|(0.0, 0.0, 0.0)
wheat:(245, 222, 179)|(0.0, 0.0, 0.0)
wisteria:(201, 160, 220)|(0.0, 0.0, 0.0)
xanthic:(238, 237, 9)|(0.0, 0.0, 0.0)
xanadu:(115, 134, 120)|(0.0, 0.0, 0.0)
xxxtentacion:(163, 162, 161)|(0.0, 0.0, 0.0)
xylophone:(255, 182, 193)|(0.0, 0.0, 255.0)
yapan:(169, 113, 100)|(0.0, 0.0, 255.0)
zenchua:(210, 60, 119)|(0.0, 0.0, 128.0)
zokine:(67, 82, 60)|(0.0, 0.0, 128.0)
zoboba:(188, 138, 82)|(0.0, 0.0, 128.0)
zomp:(57, 167, 142)|(0.0, 0.0, 128.0)
zunza:(191, 209, 188)|(0.0, 0.0, 255.0)
zunisha:(137, 155, 169)|(0.0, 0.0, 255.0)
zutem:(212, 170, 37)|(0.0, 0.0, 0.0)
zucchini:(80, 96, 34)|(0.0, 255.0, 255.0)
