green:(0, 128, 0)|(87.0, 87.0, 87.0)
yellow:(255, 255, 0)|(118.0, 118.0, 118.0)
red:(255, 0, 0)|(64.0, 64.0, 64.0)
blue:(0, 0, 255)|(123.0, 123.0, 123.0)
white:(255, 255, 255)|(60.0, 60.0, 60.0)
pink:(255, 192, 203)|(66.0, 66.0, 66.0)
brown:(165, 42, 42)|(95.0, 95.0, 95.0)
black:(0, 0, 0)|(59.0, 59.0, 59.0)
silver:(192, 192, 192)|(145.0, 145.0, 145.0)
maroon:(128, 0, 0)|(35.0, 35.0, 35.0)
purple:(128, 0, 128)|(191.0, 191.0, 191.0)
gray:(128, 128, 128)|(145.0, 145.0, 145.0)
lime:(0, 255, 0)|(57.0, 57.0, 57.0)
olive:(128, 128, 0)|(111.0, 111.0, 111.0)
navy:(0, 0, 128)|(43.0, 43.0, 43.0)
azure:(240, 255, 255)|(72.0, 72.0, 72.0)
chocolate:(210, 105, 30)|(10.0, 10.0, 10.0)
coral:(255, 127, 80)|(62.0, 62.0, 62.0)
crimson:(220, 20, 60)|(76.0, 76.0, 76.0)
gold:(255, 215, 0)|(131.0, 131.0, 131.0)
ivory:(255, 255, 240)|(53.0, 53.0, 53.0)
lavender:(230, 230, 250)|(32.0, 33.0, 32.0)
linen:(250, 240, 230)|(255.0, 255.0, 255.0)
orange:(255, 165, 0)|(122.0, 122.0, 122.0)
amber:(255, 191, 0)|(51.0, 51.0, 51.0)
apricot:(251, 206, 177)|(16.0, 16.0, 16.0)
auburn:(109, 53, 26)|(56.0, 56.0, 56.0)
blush:(248, 136, 133)|(5.0, 5.0, 5.0)
brass:(181, 166, 66)|(191.0, 191.0, 191.0)
bronze:(205, 127, 50)|(69.0, 69.0, 69.0)
buff:(240, 220, 130)|(59.0, 59.0, 59.0)
cerulean:(0, 123, 167)|(80.0, 80.0, 80.0)
champagne:(247, 231, 206)|(0.0, 0.0, 0.0)
charcoal:(70, 70, 70)|(20.0, 20.0, 20.0)
chestnut:(205, 92, 92)|(86.0, 86.0, 86.0)
cinnamon:(210, 105, 30)|(128.0, 128.0, 128.0)
copper:(184, 115, 51)|(72.0, 72.0, 72.0)
corn:(251, 236, 93)|(103.0, 103.0, 103.0)
cream:(255, 253, 208)|(39.0, 39.0, 39.0)
flax:(238, 220, 130)|(168.0, 168.0, 168.0)
grey:(128, 128, 128)|(34.0, 34.0, 34.0)
hazel:(165, 42, 42)|(56.0, 56.0, 56.0)
heaven:(180, 176, 236)|(54.0, 54.0, 54.0)
juniper:(100, 217, 30)|(91.0, 91.0, 91.0)
lemon:(253, 233, 16)|(129.0, 129.0, 129.0)
lilac:(200, 162, 200)|(69.0, 69.0, 69.0)
magnolia:(248, 244, 255)|(3.0, 3.0, 3.0)
mauve:(224, 176, 255)|(51.0, 51.0, 51.0)
mustard:(255, 219, 88)|(4.0, 4.0, 4.0)
myrtle:(33, 66, 30)|(52.0, 52.0, 52.0)
ogre:(98, 43, 45)|(45.0, 45.0, 45.0)
paper:(194, 178, 128)|(13.0, 13.0, 13.0)
pear:(209, 226, 49)|(226.0, 226.0, 226.0)
persimmon:(236, 88, 0)|(221.0, 221.0, 221.0)
plum:(204, 153, 204)|(68.0, 68.0, 68.0)
ripple:(69, 62, 49)|(45.0, 45.0, 45.0)
rose:(255, 0, 127)|(44.0, 44.0, 44.0)
ruby:(224, 17, 95)|(66.0, 66.0, 66.0)
russet:(128, 70, 27)|(63.0, 63.0, 63.0)
rust:(183, 65, 14)|(59.0, 59.0, 59.0)
salmon:(255, 140, 105)|(27.0, 27.0, 27.0)
sap:(92, 207, 112)|(78.0, 78.0, 78.0)
sage:(143, 188, 139)|(74.0, 74.0, 74.0)
sapphire:(8, 37, 103)|(47.0, 47.0, 47.0)
scarlet:(255, 36, 0)|(237.0, 237.0, 237.0)
tan:(210, 180, 140)|(72.0, 72.0, 72.0)
thistle:(216, 191, 216)|(21.0, 21.0, 21.0)
violet:(139, 0, 255)|(57.0, 57.0, 57.0)
wheat:(245, 222, 179)|(173.0, 173.0, 173.0)
