green:(0.0, 128.0, 0.0)|(171.8965301513672, 140.7073211669922, 108.1507797241211)
yellow:(255.0, 255.0, 0.0)|(184.4789581298828, 151.0394744873047, 116.07828521728516)
red:(255.0, 0.0, 0.0)|(162.82081604003906, 133.25425720214844, 102.43248748779297)
blue:(0.0, 0.0, 255.0)|(186.515625, 152.70957946777344, 117.36060333251953)
white:(255.0, 255.0, 255.0)|(161.07276916503906, 131.81846618652344, 101.33099365234375)
pink:(255.0, 192.0, 203.0)|(163.5884246826172, 133.8855743408203, 102.91648864746094)
brown:(165.0, 42.0, 42.0)|(175.210205078125, 143.4290008544922, 110.23878479003906)
black:(0.0, 0.0, 0.0)|(160.71066284179688, 131.5205078125, 101.10262298583984)
silver:(192.0, 192.0, 192.0)|(195.4347381591797, 160.0275421142578, 122.977783203125)
maroon:(128.0, 0.0, 0.0)|(150.89170837402344, 123.45902252197266, 94.9167709350586)
purple:(128.0, 0.0, 128.0)|(213.8648223876953, 175.1621856689453, 134.58981323242188)
gray:(128.0, 128.0, 128.0)|(195.39608764648438, 160.00381469726562, 122.9564437866211)
lime:(0.0, 255.0, 0.0)|(160.10675048828125, 131.02731323242188, 100.72315216064453)
olive:(128.0, 128.0, 0.0)|(181.5398406982422, 148.6200408935547, 114.2242660522461)
navy:(0.0, 0.0, 128.0)|(154.40057373046875, 126.33611297607422, 97.12592315673828)
azure:(240.0, 255.0, 255.0)|(165.8641815185547, 135.75135803222656, 104.34920501708984)
chocolate:(210.0, 105.0, 30.0)|(140.83340454101562, 115.19334411621094, 88.57723999023438)
coral:(255.0, 127.0, 80.0)|(161.83663940429688, 132.4472198486328, 101.81283569335938)
crimson:(220.0, 20.0, 60.0)|(167.68504333496094, 137.24502563476562, 105.495849609375)
gold:(255.0, 215.0, 0.0)|(189.53480529785156, 155.18556213378906, 119.26160430908203)
ivory:(255.0, 255.0, 240.0)|(158.25636291503906, 129.5052032470703, 99.55632781982422)
lavender:(230.0, 230.0, 250.0)|(150.0637664794922, 122.77978515625, 94.39537048339844)
linen:(250.0, 240.0, 230.0)|(239.5586700439453, 196.2498321533203, 150.77395629882812)
orange:(255.0, 165.0, 0.0)|(186.14639282226562, 152.40921020507812, 117.12903594970703)
amber:(255.0, 191.0, 0.0)|(157.43128967285156, 128.82672119140625, 99.0361328125)
apricot:(251.0, 206.0, 177.0)|(143.487548828125, 117.38105773925781, 90.25257110595703)
auburn:(109.0, 53.0, 26.0)|(159.33010864257812, 130.38983154296875, 100.23393249511719)
blush:(248.0, 136.0, 133.0)|(139.17628479003906, 113.83108520507812, 87.5326156616211)
brass:(181.0, 166.0, 66.0)|(213.83840942382812, 175.1341094970703, 134.57078552246094)
bronze:(205.0, 127.0, 50.0)|(164.64303588867188, 134.74400329589844, 103.57809448242188)
buff:(240.0, 220.0, 130.0)|(160.5879364013672, 131.41969299316406, 101.02528381347656)
cerulean:(0.0, 123.0, 167.0)|(169.18682861328125, 138.4818878173828, 106.44341278076172)
champagne:(247.0, 231.0, 206.0)|(136.99830627441406, 112.0431137084961, 86.16056823730469)
charcoal:(70.0, 70.0, 70.0)|(144.906494140625, 118.54132843017578, 91.14472961425781)
chestnut:(205.0, 92.0, 92.0)|(171.7072296142578, 140.55401611328125, 108.03231811523438)
cinnamon:(210.0, 105.0, 30.0)|(188.50852966308594, 154.34657287597656, 118.61640930175781)
copper:(184.0, 115.0, 51.0)|(166.0829315185547, 135.93113708496094, 104.48707580566406)
corn:(251.0, 236.0, 93.0)|(178.56239318847656, 146.17770385742188, 112.34931945800781)
cream:(255.0, 253.0, 208.0)|(152.84043884277344, 125.05596160888672, 96.14332580566406)
flax:(238.0, 220.0, 130.0)|(204.7417755126953, 167.6776123046875, 128.84446716308594)
grey:(128.0, 128.0, 128.0)|(150.7190399169922, 123.31390380859375, 94.80673217773438)
hazel:(165.0, 42.0, 42.0)|(159.45376586914062, 130.48907470703125, 100.31098175048828)
heaven:(180.0, 176.0, 236.0)|(158.6079864501953, 129.78562927246094, 99.77474212646484)
juniper:(100.0, 217.0, 30.0)|(173.69859313964844, 142.18748474121094, 109.28630828857422)
lemon:(253.0, 233.0, 16.0)|(188.98826599121094, 154.74061584472656, 118.91870880126953)
lilac:(200.0, 162.0, 200.0)|(164.81503295898438, 134.89248657226562, 103.68917846679688)
magnolia:(248.0, 244.0, 255.0)|(138.03610229492188, 112.90430450439453, 86.81781005859375)
mauve:(224.0, 176.0, 255.0)|(157.404052734375, 128.80645751953125, 99.01976013183594)
mustard:(255.0, 219.0, 88.0)|(138.79949951171875, 113.52620697021484, 87.29692840576172)
myrtle:(33.0, 66.0, 30.0)|(158.08822631835938, 129.36849975585938, 99.4509048461914)
ogre:(98.0, 43.0, 45.0)|(155.2183380126953, 127.01136016845703, 97.6425552368164)
paper:(194.0, 178.0, 128.0)|(142.26890563964844, 116.37315368652344, 89.48206329345703)
pear:(209.0, 226.0, 49.0)|(227.729248046875, 186.54922485351562, 143.3258514404297)
persimmon:(236.0, 88.0, 0.0)|(225.91917419433594, 185.06497192382812, 142.18621826171875)
plum:(204.0, 153.0, 204.0)|(164.5224609375, 134.65020751953125, 103.50408172607422)
ripple:(69.0, 62.0, 49.0)|(154.9851837158203, 126.8189926147461, 97.49531555175781)
rose:(255.0, 0.0, 127.0)|(154.58526611328125, 126.48591613769531, 97.24159240722656)
ruby:(224.0, 17.0, 95.0)|(163.35714721679688, 133.69384765625, 102.77009582519531)
russet:(128.0, 70.0, 27.0)|(162.44451904296875, 132.94332885742188, 102.19467163085938)
rust:(183.0, 65.0, 14.0)|(160.7957305908203, 131.59024047851562, 101.15618133544922)
salmon:(255.0, 140.0, 105.0)|(147.6888427734375, 120.82666015625, 92.89795684814453)
sap:(92.0, 207.0, 112.0)|(168.3120880126953, 137.7650909423828, 105.89286041259766)
sage:(143.0, 188.0, 139.0)|(166.5918426513672, 136.35137939453125, 104.80860137939453)
sapphire:(8.0, 37.0, 103.0)|(155.9300537109375, 127.59538269042969, 98.09081268310547)
scarlet:(255.0, 36.0, 0.0)|(232.21327209472656, 190.22262573242188, 146.14772033691406)
tan:(210.0, 180.0, 140.0)|(165.93162536621094, 135.80821228027344, 104.39225006103516)
thistle:(216.0, 191.0, 216.0)|(145.3990936279297, 118.94613647460938, 91.4552001953125)
violet:(139.0, 0.0, 255.0)|(159.74061584472656, 130.7244415283203, 100.49163818359375)
wheat:(245.0, 222.0, 179.0)|(206.5325164794922, 169.14785766601562, 129.97262573242188)
