green:(0, 128, 0)|(7.0, 7.0, 7.0)
yellow:(255, 255, 0)|(164.0, 164.0, 164.0)
red:(255, 0, 0)|(118.0, 118.0, 118.0)
blue:(0, 0, 255)|(26.0, 26.0, 26.0)
white:(255, 255, 255)|(218.0, 218.0, 218.0)
pink:(255, 192, 203)|(170.0, 170.0, 170.0)
brown:(165, 42, 42)|(116.0, 116.0, 116.0)
black:(0, 0, 0)|(0.0, 0.0, 0.0)
silver:(192, 192, 192)|(210.0, 210.0, 211.0)
maroon:(128, 0, 0)|(114.0, 114.0, 114.0)
purple:(128, 0, 128)|(102.0, 102.0, 103.0)
gray:(128, 128, 128)|(128.0, 128.0, 128.0)
lime:(0, 255, 0)|(97.0, 97.0, 97.0)
olive:(128, 128, 0)|(106.0, 106.0, 106.0)
navy:(0, 0, 128)|(71.0, 71.0, 71.0)
azure:(240, 255, 255)|(133.0, 133.0, 133.0)
chocolate:(210, 105, 30)|(168.0, 168.0, 168.0)
coral:(255, 127, 80)|(94.0, 94.0, 94.0)
crimson:(220, 20, 60)|(116.0, 116.0, 117.0)
gold:(255, 215, 0)|(211.0, 211.0, 212.0)
ivory:(255, 255, 240)|(191.0, 191.0, 192.0)
lavender:(230, 230, 250)|(255.0, 255.0, 255.0)
linen:(250, 240, 230)|(232.0, 232.0, 233.0)
orange:(255, 165, 0)|(197.0, 197.0, 197.0)
amber:(255, 191, 0)|(127.0, 127.0, 127.0)
apricot:(251, 206, 177)|(107.0, 107.0, 107.0)
auburn:(109, 53, 26)|(111.0, 111.0, 111.0)
blush:(248, 136, 133)|(163.0, 163.0, 163.0)
brass:(181, 166, 66)|(151.0, 151.0, 152.0)
bronze:(205, 127, 50)|(127.0, 127.0, 127.0)
buff:(240, 220, 130)|(138.0, 138.0, 138.0)
cerulean:(0, 123, 167)|(101.0, 101.0, 101.0)
champagne:(247, 231, 206)|(208.0, 208.0, 208.0)
charcoal:(70, 70, 70)|(103.0, 103.0, 103.0)
chestnut:(205, 92, 92)|(110.0, 110.0, 110.0)
cinnamon:(210, 105, 30)|(84.0, 84.0, 84.0)
copper:(184, 115, 51)|(126.0, 126.0, 126.0)
corn:(251, 236, 93)|(221.0, 221.0, 221.0)
cream:(255, 253, 208)|(142.0, 142.0, 142.0)
flax:(238, 220, 130)|(178.0, 178.0, 178.0)
grey:(128, 128, 128)|(100.0, 100.0, 101.0)
hazel:(165, 42, 42)|(105.0, 105.0, 105.0)
heaven:(180, 176, 236)|(168.0, 168.0, 168.0)
juniper:(100, 217, 30)|(114.0, 114.0, 114.0)
lemon:(253, 233, 16)|(151.0, 151.0, 151.0)
lilac:(200, 162, 200)|(180.0, 180.0, 180.0)
magnolia:(248, 244, 255)|(107.0, 107.0, 107.0)
mauve:(224, 176, 255)|(116.0, 117.0, 117.0)
mustard:(255, 219, 88)|(157.0, 157.0, 157.0)
myrtle:(33, 66, 30)|(97.0, 97.0, 97.0)
ogre:(98, 43, 45)|(118.0, 118.0, 118.0)
paper:(194, 178, 128)|(181.0, 181.0, 181.0)
pear:(209, 226, 49)|(166.0, 166.0, 166.0)
persimmon:(236, 88, 0)|(219.0, 219.0, 219.0)
plum:(204, 153, 204)|(136.0, 136.0, 136.0)
ripple:(69, 62, 49)|(109.0, 109.0, 109.0)
rose:(255, 0, 127)|(75.0, 75.0, 76.0)
ruby:(224, 17, 95)|(105.0, 105.0, 106.0)
russet:(128, 70, 27)|(141.0, 141.0, 142.0)
rust:(183, 65, 14)|(141.0, 141.0, 141.0)
salmon:(255, 140, 105)|(214.0, 214.0, 214.0)
sap:(92, 207, 112)|(161.0, 161.0, 161.0)
sage:(143, 188, 139)|(172.0, 172.0, 172.0)
sapphire:(8, 37, 103)|(66.0, 66.0, 66.0)
scarlet:(255, 36, 0)|(154.0, 154.0, 154.0)
tan:(210, 180, 140)|(144.0, 144.0, 144.0)
thistle:(216, 191, 216)|(121.0, 121.0, 121.0)
violet:(139, 0, 255)|(130.0, 130.0, 131.0)
wheat:(245, 222, 179)|(181.0, 181.0, 181.0)
